0 3.2992 -0.2830
0 3.2971 -0.2795
0 3.3007 -0.2798
0 3.2974 -0.2789
0 3.3022 -0.2800
0 3.2975 -0.2799
0 3.2981 -0.2793
0 3.2973 -0.2790
0 3.2974 -0.2797
0 3.3002 -0.2798
0 3.2980 -0.2799
0 3.2952 -0.2831
0 3.2985 -0.2792
0 3.2967 -0.2831
0 3.2976 -0.2799
0 3.2986 -0.2835
0 3.2986 -0.2831
0 3.2967 -0.2791
0 3.3036 -0.2808
0 3.2978 -0.2830
0 3.2991 -0.2799
0 3.2993 -0.2800
0 3.2971 -0.2790
0 3.2924 -0.2785
0 3.2980 -0.2796
0 3.2976 -0.2826
0 3.2956 -0.2790
0 3.3001 -0.2802
0 3.3003 -0.2797
0 3.2974 -0.2797
0 3.2980 -0.2828
0 3.2986 -0.2797
0 3.2984 -0.2790
0 3.2972 -0.2792
0 3.3072 -0.2851
0 3.2992 -0.2799
0 3.2951 -0.2795
0 3.3005 -0.2794
0 3.2979 -0.2795
0 3.2979 -0.2827
0 3.3015 -0.2801
0 3.2928 -0.2830
0 3.2975 -0.2798
0 3.3001 -0.2800
0 3.2948 -0.2830
0 3.2993 -0.2797
0 3.2942 -0.2824
0 3.2960 -0.2796
0 3.3017 -0.2805
0 3.2952 -0.2796
0 3.2982 -0.2800
0 3.3007 -0.2842
0 3.2897 -0.2819
0 3.2985 -0.2789
0 3.2964 -0.2828
0 3.2959 -0.2822
0 3.2946 -0.2831
0 3.2976 -0.2796
0 3.2986 -0.2800
0 3.3034 -0.2845
0 3.2994 -0.2795
0 3.2945 -0.2821
0 3.2986 -0.2800
0 3.3003 -0.2800
0 3.2977 -0.2835
0 3.2927 -0.2795
0 3.2982 -0.2793
0 3.2959 -0.2826
0 3.3002 -0.2793
0 3.2940 -0.2791
0 3.3012 -0.2803
0 3.2959 -0.2792
0 3.2997 -0.2800
0 3.2972 -0.2800
0 3.2968 -0.2791
0 3.2971 -0.2800
0 3.2950 -0.2790
0 3.2991 -0.2799
0 3.2980 -0.2792
0 3.2992 -0.2798
0 3.2960 -0.2790
0 3.2987 -0.2798
0 3.2961 -0.2795
0 3.2980 -0.2793
0 3.2988 -0.2794
0 3.2935 -0.2820
0 3.2985 -0.2797
0 3.3017 -0.2802
0 3.2947 -0.2790
0 3.3003 -0.2797
0 3.2942 -0.2789
0 3.2979 -0.2791
0 3.3007 -0.2801
0 3.2958 -0.2792
0 3.2941 -0.2825
0 3.2975 -0.2791
0 3.2952 -0.2825
0 3.2981 -0.2836
0 3.2946 -0.2828
0 3.2938 -0.2794
0 3.3024 -0.2806
0 3.2943 -0.2792
0 3.3008 -0.2800
0 3.2971 -0.2794
0 3.3011 -0.2802
0 3.2986 -0.2800
0 3.3028 -0.2842
0 3.2995 -0.2791
0 3.2967 -0.2834
0 3.2987 -0.2840
0 3.3029 -0.2803
0 3.3002 -0.2835
0 3.3039 -0.2807
0 3.2966 -0.2831
0 3.3005 -0.2798
0 3.2943 -0.2798
0 3.2945 -0.2820
0 3.2962 -0.2794
0 3.2972 -0.2796
0 3.2951 -0.2795
0 3.2988 -0.2797
0 3.2961 -0.2795
0 3.2959 -0.2788
0 3.2973 -0.2789
0 3.2981 -0.2792
0 3.2951 -0.2793
0 3.2925 -0.2791
0 3.2829 -0.2856
0 3.2664 -0.2874
0 3.2573 -0.2943
0 3.2380 -0.2989
0 3.2198 -0.3331
0 3.2093 -0.3466
0 3.1863 -0.3828
0 3.1740 -0.3964
0 3.1535 -0.4354
0 3.1375 -0.4470
0 3.1183 -0.4851
0 3.0965 -0.5417
0 2.9425 -0.8890
0 2.9242 -0.9532
0 2.8739 -1.0414
0 2.7890 -1.1493
0 2.7630 -1.2096
0 2.6939 -1.2983
0 2.6690 -1.3175
0 2.6095 -1.4077
0 2.5669 -1.4540
0 2.5273 -1.4920
0 2.4928 -1.5101
0 2.4315 -1.5827
0 2.4236 -1.5552
0 2.3991 -1.5895
0 2.3628 -1.5992
0 2.3506 -1.5885
0 2.3458 -1.5549
0 2.3402 -1.5410
0 2.3489 -1.4973
0 2.3593 -1.4491
0 2.3998 -1.3100
0 2.3855 -1.2973
0 2.3925 -1.2549
0 2.3974 -1.2137
0 2.3922 -1.2009
0 2.3935 -1.1483
0 2.3945 -1.1118
0 2.3903 -1.1040
0 2.3768 -1.0918
0 2.3527 -1.0910
0 2.3313 -1.0910
0 2.2662 -1.0889
0 2.2457 -1.1034
0 2.2223 -1.1142
0 2.1022 -1.2103
0 2.0894 -1.2081
0 2.0627 -1.2115
0 2.0350 -1.2118
0 1.9885 -1.2035
0 1.9741 -1.2003
0 1.9664 -1.1994
0 1.9420 -1.1931
0 1.9303 -1.1882
0 1.9191 -1.1840
0 1.9164 -1.1590
0 1.8949 -1.1197
0 1.8858 -1.1170
0 1.8691 -1.1116
0 1.8628 -1.1077
0 1.8379 -1.1055
0 1.8234 -1.1045
0 1.7698 -1.1008
0 1.7573 -1.1023
0 1.7257 -1.0981
0 1.6881 -1.1039
0 1.6647 -1.1005
0 1.6554 -1.1045
0 1.6034 -1.1142
0 1.5445 -1.1513
0 1.5240 -1.1534
0 1.4837 -1.1908
0 1.4639 -1.1951
0 1.3900 -1.2109
0 1.3714 -1.2082
0 1.3506 -1.2108
0 1.2656 -1.2796
0 1.2267 -1.2852
0 1.1872 -1.2968
0 1.1707 -1.2999
0 1.1107 -1.3063
0 1.0865 -1.3077
0 1.0719 -1.3068
0 1.0504 -1.3148
0 1.0260 -1.3180
0 0.9877 -1.3197
0 0.9403 -1.3867
0 0.9100 -1.3538
0 0.8789 -1.3959
0 0.7915 -1.4025
0 0.7747 -1.3974
0 0.7303 -1.3972
0 0.6953 -1.4069
0 0.6682 -1.4078
0 0.6510 -1.4120
0 0.6308 -1.4373
0 0.5904 -1.4417
0 0.6839 -1.3082
0 0.4043 -1.4585
0 0.4871 -1.3651
0 0.4739 -1.3663
0 0.4856 -1.3661
0 0.4764 -1.3681
0 0.4233 -1.4011
0 0.4928 -1.3945
0 0.5226 -1.3940
0 0.4983 -1.3867
0 0.3639 -1.3192
0 0.3852 -1.3186
0 0.3781 -1.3419
0 0.6142 -1.4510
0 0.5681 -1.4480
0 0.5246 -1.4552
0 0.5097 -1.4575
0 0.4725 -1.4890
0 0.4465 -1.4927
0 0.3338 -1.5061
0 0.3147 -1.5042
0 0.3092 -1.5483
0 0.2868 -1.5469
0 0.2760 -1.5628
0 0.2565 -1.5981
0 0.2206 -1.6092
0 0.2047 -1.6203
0 0.1860 -1.6562
0 0.1773 -1.6692
0 0.3134 -1.5492
0 4.7666 -3.9495
0 4.7622 -3.9388
0 4.7533 -3.9360
0 4.7664 -3.9381
0 4.7650 -3.9283
0 4.7622 -3.9381
0 4.7572 -3.9270
0 4.7867 -3.8999
0 4.7882 -3.8662
0 4.7701 -3.8642
0 4.7756 -3.8619
0 4.7624 -3.8479
0 4.7619 -3.8392
0 4.7667 -3.8343
0 4.7580 -3.8285
0 4.7719 -3.7600
0 4.7712 -3.7554
0 4.7673 -3.7391
0 4.7577 -3.7325
0 4.7533 -3.7267
0 4.8008 -3.6757
0 4.7934 -3.6725
0 4.7702 -3.6690
0 4.7744 -3.6562
0 4.7737 -3.6573
0 4.7675 -3.6493
0 4.7609 -3.6492
0 4.7702 -3.6356
0 4.7505 -3.6255
0 4.7606 -3.6199
0 4.7628 -3.5719
0 4.7666 -3.5446
0 4.7662 -3.5341
0 4.7555 -3.4722
0 4.7823 -3.4676
0 4.7646 -3.4527
0 4.7580 -3.4492
0 4.7603 -3.4472
0 4.7539 -3.4214
0 4.7750 -3.3654
0 4.7683 -3.3454
0 4.7574 -3.2702
0 4.7705 -3.2653
0 4.7637 -3.2580
0 4.7643 -3.2559
0 4.7600 -3.2322
0 4.7497 -3.2254
0 4.7824 -3.1773
0 4.7797 -3.1633
0 4.7701 -3.1557
0 4.7552 -3.1368
0 4.7618 -3.1164
0 4.7719 -3.0599
0 4.7545 -3.0390
0 4.7670 -2.9478
0 4.7451 -2.9432
0 4.7512 -2.9353
0 4.7492 -2.9235
0 4.7595 -2.8718
0 4.7660 -2.8544
0 4.7556 -2.8511
0 4.7657 -2.8427
0 4.7506 -2.8189
0 4.7623 -2.8025
0 4.7640 -2.7717
0 4.7696 -2.7510
0 4.7583 -2.7389
0 4.7462 -2.7268
0 4.7454 -2.7198
0 4.7785 -2.6690
0 4.7427 -2.6671
0 4.6396 -2.7516
0 4.4362 -2.9420
0 4.2980 -3.0592
0 4.2151 -3.1548
0 3.7526 -3.5382
0 3.7010 -3.5614
0 3.6175 -3.6431
0 3.5505 -3.6570
0 3.4803 -3.7296
0 3.4198 -3.7492
0 3.3898 -3.7489
0 3.3477 -3.7568
0 3.3452 -3.7479
0 3.3185 -3.6599
0 3.3223 -3.6402
0 3.4171 -3.4623
0 3.4673 -3.3621
0 3.4840 -3.3368
0 3.4897 -3.2632
0 3.4694 -3.2532
0 3.4401 -3.2518
0 3.3936 -3.2533
0 3.3704 -3.2452
0 3.3712 -3.1648
0 3.3570 -3.1413
0 3.3580 -3.0604
0 3.3448 -3.0495
0 3.3173 -3.0405
0 3.3058 -3.0425
0 3.1624 -2.9541
0 3.1603 -2.9430
0 3.1321 -2.8576
0 3.1320 -2.8545
0 3.1194 -2.8425
0 3.1596 -2.7535
0 3.1956 -2.6540
0 3.1823 -2.6349
0 3.2098 -2.5397
0 3.2110 -2.4587
0 3.2073 -2.4424
0 3.2137 -2.4322
0 3.2179 -2.3578
0 3.1942 -2.3366
0 3.1996 -2.1506
0 3.2206 -2.1300
0 3.2214 -2.0613
0 3.2190 -2.0450
0 3.2085 -2.0285
0 3.2022 -1.9658
0 3.1879 -1.9638
0 3.1724 -1.9658
0 3.1351 -1.9628
0 3.1247 -1.9653
0 3.1003 -1.9557
0 3.0437 -1.9497
0 2.9437 -1.9432
0 2.9186 -1.9362
0 2.9173 -1.8734
0 2.9020 -1.8356
0 2.9183 -1.7678
0 2.9046 -1.6696
0 2.8996 -1.6533
0 2.8816 -1.5626
0 2.8738 -1.5398
0 2.8505 -1.4606
0 2.8263 -1.4301
0 2.7988 -1.3589
0 2.7807 -1.3481
0 2.7808 -1.3398
0 2.7682 -1.3302
0 2.7469 -1.2611
0 2.7187 -1.2368
0 2.6777 -1.1552
0 2.6439 -1.0713
0 2.6291 -1.0499
0 2.5898 -0.9429
0 2.5633 -0.9324
0 2.5028 -0.8333
0 2.4372 -0.8291
0 2.3907 -0.8356
0 2.2808 -0.7602
0 2.2453 -0.7348
0 2.1153 -0.4336
0 2.0763 -0.3569
0 2.0616 -0.3429
0 2.0300 -0.2670
0 2.0223 -0.2589
0 2.0123 -0.2459
0 2.6810 -1.1530
0 2.7194 -1.0585
0 2.7223 -1.0330
0 2.7697 -0.9475
0 2.7734 -0.8448
0 2.9003 -0.6985
0 2.8955 -0.5073
0 2.8956 -0.4164
0 2.8814 -0.2551
0 0.5852 -4.1854
0 0.7038 -4.1592
0 0.8501 -4.1712
0 1.1792 -4.0633
0 1.5228 -3.9696
0 1.8373 -3.8617
0 2.1994 -3.6896
0 2.3330 -3.5773
0 2.4963 -3.4982
0 2.6609 -3.3438
0 2.7709 -3.2837
0 2.8692 -3.2164
0 2.9780 -3.0984
0 3.2595 -2.8572
0 3.4138 -2.6715
0 3.4730 -2.5598
0 3.5827 -2.3807
0 3.7562 -2.1550
0 3.8191 -2.0561
0 3.9184 -1.8436
0 4.0325 -1.6087
0 4.0684 -1.5078
0 4.2298 -1.0147
0 4.2740 -0.9095
0 4.3997 -0.5514
0 4.3843 -0.4145
0 4.4095 -0.3029
0 4.4628 -0.2304
0 1.5265 -0.2378
0 1.5112 -0.2428
0 1.5165 -0.2428
0 1.4961 -0.2456
0 1.4898 -0.2503
0 1.4829 -0.2576
0 1.5051 -0.2698
0 1.4286 -0.3236
0 1.4159 -0.3332
0 1.4003 -0.3425
0 1.3976 -0.3463
0 1.3941 -0.3514
0 1.3917 -0.3634
0 1.3168 -0.4317
0 1.2997 -0.4489
0 1.2976 -0.4555
0 1.3105 -0.4962
0 1.3150 -0.4973
0 1.3421 -0.5058
0 1.3375 -0.5115
0 1.2059 -0.5591
0 1.2325 -0.6030
0 1.1264 -0.6517
0 1.1420 -0.6900
0 1.1593 -0.7200
0 1.0842 -0.7888
0 1.0004 -0.8599
0 1.0230 -0.8974
0 1.0311 -0.9120
0 0.9580 -1.0030
0 0.9686 -1.0137
0 0.8569 -1.0592
0 0.8659 -1.0605
0 0.8838 -1.1047
0 0.8857 -1.1128
0 0.7734 -1.1590
0 0.7996 -1.2067
0 0.7117 -1.2267
0 0.6863 -1.2692
0 0.6080 -1.3533
0 0.5892 -1.3531
0 0.6071 -1.3993
0 0.5314 -1.4142
0 0.4943 -1.4494
0 0.4945 -1.4697
0 0.4099 -1.5289
0 0.3902 -1.5525
0 0.3692 -1.5545
0 0.3642 -1.5978
0 0.2851 -1.6419
0 0.1964 -1.6700
0 0.1826 -2.3617
0 0.2334 -2.3601
0 0.2705 -2.3329
0 0.3163 -2.2739
0 0.3848 -2.0521
0 0.1924 -2.1377
0 0.1686 -2.1545
0 0.1490 -2.1543
0 0.1314 -2.1588
0 4.3587 -6.0727
0 4.4862 -5.9620
0 4.5992 -5.8594
0 5.0622 -5.3588
0 5.1920 -5.2275
0 5.4073 -4.9565
0 5.5313 -4.7579
0 5.7415 -4.4719
0 5.8026 -4.3415
0 5.9556 -4.0435
0 6.2448 -3.5902
0 6.3486 -3.4093
0 6.4413 -3.0935
0 6.4956 -2.9207
0 6.5264 -2.7504
0 6.6189 -2.5882
0 6.6431 -2.4118
0 6.7305 -2.2562
0 6.8226 -1.2844
0 5.0674 -0.2274
0 5.0406 -0.2378
0 5.0033 -0.2459
0 5.0057 -0.2814
0 4.9952 -0.2976
0 4.9839 -0.3081
0 4.9942 -0.3491
0 4.9125 -0.3237
0 4.9617 -0.3840
0 4.9190 -0.4177
0 4.8876 -0.4145
0 4.9323 -0.4756
0 4.8471 -0.4529
0 4.8863 -0.4982
0 4.8663 -0.5892
0 4.8547 -0.5979
0 4.8183 -0.6096
0 4.8158 -0.6191
0 4.7878 -0.6526
0 4.8500 -0.6857
0 4.7910 -0.7087
0 4.8252 -0.7476
0 4.8051 -0.7769
0 4.7154 -0.7495
0 4.7933 -0.7914
0 4.7967 -0.8082
0 4.7628 -0.8080
0 4.7378 -0.8072
0 4.7046 -0.8600
0 4.7276 -0.8879
0 4.7351 -0.9056
0 4.7141 -0.9007
0 4.7033 -0.9100
0 4.7162 -0.9178
0 4.6825 -0.9219
0 4.6601 -0.9182
0 4.6584 -0.9586
0 4.7326 -0.9999
0 4.7015 -0.9918
0 4.7099 -1.0114
0 4.6409 -1.0224
0 4.6686 -1.0768
0 4.6300 -1.0999
0 4.6050 -1.0971
0 4.6235 -1.1097
0 4.6425 -1.1209
0 4.6125 -1.1172
0 4.6081 -1.1561
0 4.5936 -1.1543
0 4.5487 -1.1538
0 4.5605 -1.1621
0 4.6361 -1.1962
0 4.6050 -1.1967
0 4.5279 -1.1586
0 4.5255 -1.1535
0 4.5810 -1.2046
0 4.5234 -1.2039
0 4.5780 -1.2594
0 4.5129 -1.2460
0 4.6068 -1.2857
0 4.5848 -1.2796
0 4.5561 -1.2753
0 4.5162 -1.2626
0 4.6072 -1.3036
0 4.5950 -1.3045
0 4.5670 -1.2914
0 4.5608 -1.2916
0 4.5463 -1.2840
0 4.4832 -1.2613
0 4.4785 -1.2561
0 4.5099 -1.2781
0 4.4890 -1.2542
0 4.4859 -1.2487
0 4.4869 -1.2539
0 4.4894 -1.2546
0 4.5818 -1.3171
0 4.4789 -1.2502
0 4.5575 -1.3032
0 4.5444 -1.3045
0 4.5266 -1.2986
0 4.5387 -1.3046
0 4.5217 -1.2995
0 4.5198 -1.3009
0 4.5156 -1.2955
0 4.5205 -1.3009
0 4.5301 -1.3028
0 4.5197 -1.2961
0 4.5444 -1.3069
0 4.5526 -1.3073
0 4.4731 -1.2473
0 4.5673 -1.3077
0 4.4803 -1.2543
0 4.4876 -1.2464
0 4.4844 -1.2540
0 4.4857 -1.2566
0 4.5202 -1.2802
0 4.5325 -1.2865
0 4.5635 -1.2940
0 4.5831 -1.2960
0 4.4913 -1.2554
0 4.5082 -1.2561
0 4.5294 -1.2684
0 4.5102 -1.2549
0 4.5936 -1.2824
0 4.4905 -1.2340
0 4.5482 -1.2556
0 4.5087 -1.2007
0 4.5410 -1.2074
0 4.6008 -1.2231
0 4.5153 -1.1614
0 4.5281 -1.1892
0 4.5577 -1.1956
0 4.5858 -1.1849
0 4.5303 -1.1458
0 4.5516 -1.1539
0 4.6206 -1.1740
0 4.5894 -1.1524
0 4.5686 -1.1427
0 4.5750 -1.1091
0 4.6150 -1.1178
0 4.6472 -1.1182
0 4.6302 -1.1103
0 4.6146 -1.0999
0 4.6310 -1.1017
0 4.6569 -1.1083
0 4.5734 -1.0669
0 4.6372 -1.0873
0 4.6671 -1.0923
0 4.5827 -1.0537
0 4.6886 -1.0811
0 4.6559 -1.0229
0 4.6503 -1.0160
0 4.6829 -1.0193
0 4.6779 -1.0125
0 4.6664 -0.9994
0 4.6868 -1.0063
0 4.7294 -1.0151
0 4.6783 -0.9868
0 4.7085 -0.9937
0 4.7088 -0.9765
0 4.7303 -0.9099
0 4.7225 -0.9035
0 4.7605 -0.9116
0 4.7234 -0.8873
0 4.7398 -0.8894
0 4.6873 -0.8508
0 4.7525 -0.8259
0 4.7233 -0.8045
0 4.7805 -0.8054
0 4.7837 -0.7895
0 4.7297 -0.7520
0 4.8169 -0.7477
0 4.7724 -0.7211
0 4.7813 -0.7070
0 4.8018 -0.7053
0 4.8042 -0.6837
0 4.7753 -0.6503
0 4.8107 -0.6240
0 4.8234 -0.6039
0 4.8527 -0.5976
0 4.8834 -0.5972
0 4.8910 -0.5823
0 4.8352 -0.5183
0 4.8725 -0.5237
0 4.8801 -0.5129
0 4.8837 -0.5084
0 4.8847 -0.4972
0 4.8934 -0.4933
0 4.9157 -0.4909
0 4.9056 -0.4780
0 4.9379 -0.4763
0 4.8775 -0.4454
0 4.9114 -0.4170
0 4.9528 -0.3827
0 4.9182 -0.3244
0 4.9330 -0.3135
0 4.9599 -0.3166
0 4.9879 -0.3084
0 5.0386 -0.2841
0 4.9688 -0.2550
0 4.9861 -0.2505
0 4.9942 -0.2453
0 5.0160 -0.2414
0 5.0237 -0.2363
0 5.0576 -0.2388
0 5.0739 -0.2274
0 4.9389 -0.4448
0 4.8700 -1.2164
0 4.7755 -1.5965
0 4.7206 -1.7097
0 4.6637 -1.8101
0 4.6646 -1.9906
0 4.5648 -2.0531
0 4.5275 -2.1942
0 4.3728 -2.5303
0 4.2377 -2.7981
0 4.1986 -2.9270
0 4.0616 -3.1536
0 3.9870 -3.2074
0 3.8137 -3.4676
0 3.7335 -3.5937
0 3.6485 -3.7014
0 3.4786 -3.8734
0 3.3897 -4.0054
0 3.1674 -4.2563
0 2.9543 -4.4349
0 2.6218 -4.7236
0 0.5574 -6.9548
0 0.5646 -6.9576
0 0.1575 -7.0347
0 1.1962 -6.2418
0 1.4561 -6.1579
0 1.9493 -5.9749
0 2.4071 -5.7586
0 2.8271 -5.4597
0 2.9443 -5.3681
0 3.1402 -5.2350
0 3.2387 -5.1406
0 3.5807 -4.8720
0 3.7166 -4.8077
0 3.8349 -4.5767
0 3.9347 -4.4975
0 4.0378 -4.3585
0 4.1070 -4.2944
0 4.1762 -4.1604
0 4.2584 -4.0984
0 4.4494 -3.7606
0 4.6987 -3.4158
0 4.9379 -2.9540
0 4.9423 -2.8573
0 5.0319 -2.7238
0 5.0843 -2.4913
0 5.2846 -1.8982
0 5.2934 -1.7860
0 5.3727 -1.5404
0 5.3799 -1.4091
0 5.4345 -1.1579
0 5.4575 -1.0623
0 5.4480 -0.8075
0 5.4717 -0.6980
0 5.4757 -0.5876
0 5.4978 -0.4848
0 5.4848 -0.2510
0 4.7132 -0.2267
0 4.7186 -0.2368
0 4.7211 -0.2478
0 4.7245 -0.2599
0 4.7145 -0.3350
0 4.6994 -0.3497
0 4.6983 -0.3548
0 4.6906 -0.3643
0 4.6928 -0.4370
0 4.6966 -0.4428
0 4.6891 -0.4676
0 4.6809 -0.5393
0 4.6784 -0.5490
0 4.6778 -0.6379
0 4.6675 -0.6418
0 4.6499 -0.7580
0 4.6460 -0.8418
0 4.6685 -0.8607
0 4.6553 -0.8691
0 4.6623 -0.9390
0 4.6508 -0.9530
0 4.6556 -0.9613
0 4.6604 -1.0389
0 4.6505 -1.0533
0 4.6520 -1.0625
0 4.6463 -1.1543
0 4.6412 -1.1671
0 4.6193 -1.2287
0 4.6561 -1.2367
0 4.6505 -1.2466
0 4.6475 -1.2574
0 4.6315 -1.2639
0 4.6308 -1.2745
0 4.6218 -1.3218
0 4.6443 -1.3382
0 4.6260 -1.3663
0 4.6305 -1.4303
0 4.6215 -1.4310
0 4.6206 -1.4531
0 4.6135 -1.4619
0 4.6066 -1.5321
0 4.5961 -1.5341
0 4.6304 -1.5502
0 4.6255 -1.5547
0 4.6201 -1.5620
0 4.6011 -1.5715
0 4.6185 -1.6260
0 4.6019 -1.6373
0 4.6208 -1.6490
0 4.5990 -1.6651
0 4.5874 -1.6669
0 4.5964 -1.7321
0 4.6081 -1.7354
0 4.6052 -1.7464
0 4.5743 -1.7692
0 4.5827 -1.7713
0 4.5809 -1.8249
0 4.5854 -1.8374
0 4.6011 -1.8429
0 4.5945 -1.8595
0 4.5883 -1.8667
0 4.5668 -1.9291
0 4.5832 -1.9483
0 4.5597 -1.9605
0 4.5708 -1.9651
0 4.5675 -1.9757
0 4.5605 -2.0276
0 4.5678 -2.0301
0 4.5676 -2.0485
0 4.5486 -2.0524
0 4.5571 -2.0590
0 4.5719 -2.0720
0 4.5643 -2.1375
0 4.5522 -2.1564
0 4.5514 -2.1715
0 4.5537 -2.1767
0 4.5560 -2.2208
0 4.5523 -2.2421
0 4.5603 -2.2585
0 4.5514 -2.2762
0 4.5496 -2.3336
0 4.5452 -2.3507
0 4.5358 -2.3526
0 4.5238 -2.4352
0 4.5205 -2.4525
0 4.5506 -2.4611
0 4.5130 -2.4610
0 4.5211 -2.4619
0 4.5255 -2.4717
0 4.5191 -2.5255
0 4.5336 -2.5367
0 4.5320 -2.5494
0 4.5086 -2.5490
0 4.5209 -2.5567
0 4.5085 -2.5578
0 4.5106 -2.5666
0 4.5076 -2.6267
0 4.5173 -2.6320
0 4.5137 -2.6434
0 4.5192 -2.6463
0 4.5062 -2.6525
0 4.5174 -2.6631
0 4.5001 -2.6619
0 4.5064 -2.6650
0 4.5087 -2.6720
0 4.5081 -2.6757
0 4.5048 -2.7326
0 4.5046 -2.7307
0 4.5006 -2.7359
0 4.4956 -2.7327
0 4.4927 -2.7306
0 4.5077 -2.7465
0 4.5100 -2.7479
0 4.5166 -2.7516
0 4.5035 -2.7538
0 4.4996 -2.7484
0 4.4847 -2.7505
0 4.4903 -2.7621
0 4.4904 -2.7632
0 4.4870 -2.7621
0 4.5108 -2.7669
0 4.4914 -2.7646
0 4.4926 -2.7657
0 4.4854 -2.7642
0 4.5010 -2.7708
0 4.4927 -2.7647
0 4.4951 -2.7654
0 4.4960 -2.7638
0 4.4946 -2.7686
0 4.5004 -2.7664
0 4.4888 -2.7629
0 4.4962 -2.7668
0 4.4928 -2.7624
0 4.4946 -2.7654
0 4.4908 -2.7649
0 4.4924 -2.7603
0 4.4965 -2.7625
0 4.4955 -2.7608
0 4.4972 -2.7657
0 4.4860 -2.7644
0 4.5029 -2.7651
0 4.4970 -2.7645
0 4.5029 -2.7642
0 4.5008 -2.7644
0 4.4889 -2.7631
0 4.4906 -2.7553
0 4.4951 -2.7530
0 4.4958 -2.7534
0 4.4941 -2.7523
0 4.5034 -2.7508
0 4.5157 -2.7510
0 4.5090 -2.7470
0 4.5089 -2.7472
0 4.5061 -2.7457
0 4.5007 -2.7360
0 4.5038 -2.7307
0 4.5080 -2.6697
0 4.5075 -2.6639
0 4.4980 -2.6606
0 4.4985 -2.6636
0 4.5155 -2.6611
0 4.5057 -2.6587
0 4.5187 -2.6462
0 4.5116 -2.6352
0 4.5129 -2.6289
0 4.5138 -2.6252
0 4.5194 -2.5708
0 4.5166 -2.5715
0 4.5148 -2.5664
0 4.4987 -2.5618
0 4.5204 -2.5578
0 4.5271 -2.5587
0 4.5233 -2.5501
0 4.5254 -2.5446
0 4.5243 -2.5313
0 4.5279 -2.4736
0 4.5162 -2.4617
0 4.5365 -2.4522
0 4.5346 -2.4461
0 4.5354 -2.4476
0 4.5298 -2.4344
0 4.5360 -2.4347
0 4.5325 -2.3736
0 4.5276 -2.3664
0 4.5311 -2.3578
0 4.5517 -2.3537
0 4.5353 -2.3262
0 4.5535 -2.2551
0 4.5565 -2.2455
0 4.5558 -2.2311
0 4.5613 -2.2405
0 4.5708 -2.1401
0 4.5607 -2.1236
0 4.5761 -2.0663
0 4.5518 -2.0585
0 4.5686 -2.0305
0 4.5604 -2.0278
0 4.5699 -1.9608
0 4.5881 -1.9397
0 4.5863 -1.8797
0 4.5845 -1.8697
0 4.5990 -1.8422
0 4.5842 -1.8371
0 4.5737 -1.8218
0 4.5934 -1.7598
0 4.6041 -1.7462
0 4.6127 -1.7376
0 4.5822 -1.7266
0 4.6187 -1.6541
0 4.6235 -1.6393
0 4.6054 -1.6236
0 4.6141 -1.5726
0 4.6133 -1.5636
0 4.6151 -1.5457
0 4.6128 -1.4566
0 4.6393 -1.4523
0 4.6165 -1.4408
0 4.6244 -1.4317
0 4.6279 -1.4285
0 4.6300 -1.3624
0 4.6281 -1.3562
0 4.6344 -1.3407
0 4.6521 -1.3402
0 4.6254 -1.2690
0 4.6029 -1.2679
0 4.5210 -1.3574
0 4.3780 -1.6387
0 4.2733 -1.7608
0 4.1712 -1.9373
0 3.8390 -2.3390
0 3.6960 -2.3482
0 3.7072 -2.2601
0 3.7364 -2.1462
0 3.8248 -1.8517
0 3.8837 -1.5429
0 3.9130 -1.3310
0 3.9136 -1.2409
0 3.9202 -1.1726
0 3.9022 -1.1442
0 3.9032 -1.0526
0 3.8201 -1.0296
0 3.7718 -1.0433
0 3.7430 -0.9565
0 3.7299 -0.9487
0 3.7262 -0.9347
0 3.6470 -0.8556
0 3.6338 -0.8523
0 3.6257 -0.8507
0 3.5964 -0.8598
0 3.5295 -1.0194
0 3.5392 -1.0621
0 3.5097 -1.0534
0 3.4783 -1.0049
0 3.4437 -0.8520
0 3.4471 -0.8000
0 3.4357 -0.7523
0 3.4808 -0.7227
0 3.4199 -0.6536
0 3.4643 -0.6162
0 3.3906 -0.5530
0 3.4890 -0.5813
0 3.4093 -0.5602
0 3.3601 -0.5577
0 3.4497 -0.5955
0 3.4015 -0.5886
0 3.4230 -0.6026
0 3.3874 -0.5960
0 3.3478 -0.5873
0 3.3371 -0.5943
0 3.3388 -0.5980
0 3.2524 -0.5514
0 3.2382 -0.5100
0 3.2572 -0.5094
0 3.2586 -0.5036
0 3.2422 -0.4816
0 3.2184 -0.3978
0 3.2305 -0.3935
0 3.2377 -0.3890
0 3.1680 -0.3188
0 3.1798 -0.3074
0 3.2029 -0.2864
0 3.1452 -0.2490
0 3.1756 -0.2323
0 0.3231 -3.5439
0 0.6264 -3.4484
0 0.7901 -3.3655
0 1.0023 -3.2580
0 1.2655 -3.0613
0 1.5533 -2.8434
0 1.6274 -2.7639
0 1.6548 -2.7239
0 1.7213 -2.6535
0 1.8335 -2.5213
0 1.8619 -2.4696
0 1.9224 -2.3468
0 1.9280 -2.2641
0 1.9240 -2.2506
0 1.9194 -2.2441
0 1.9246 -2.1397
0 1.9179 -2.1190
0 1.9288 -2.0677
0 1.9295 -2.0643
0 1.9246 -2.0436
0 1.9207 -2.0281
0 1.9173 -2.0016
0 1.9263 -1.9713
0 1.9286 -1.8661
0 1.9252 -1.8449
0 1.9180 -1.8252
0 1.9897 -1.8025
0 1.9251 -1.7549
0 1.9207 -1.7309
0 1.9133 -1.7181
0 1.9115 -1.6749
0 1.9206 -1.6457
0 1.9154 -1.6346
0 1.9109 -1.6178
0 1.9179 -1.5486
0 1.9145 -1.5364
0 1.9123 -1.5245
0 1.9158 -1.4451
0 1.9260 -1.3590
0 1.9070 -1.3187
0 1.9158 -1.2392
0 1.9056 -1.2259
0 1.8996 -1.1724
0 1.9037 -1.1399
0 1.8860 -1.1275
0 1.8702 -1.1206
0 1.8423 -1.0626
0 1.7955 -1.0548
0 1.7263 -1.0501
0 1.7047 -1.0590
0 1.6517 -1.0667
0 1.6144 -1.0699
0 1.5531 -1.1329
0 1.5286 -1.1320
0 1.4879 -1.1340
0 1.4567 -1.0703
0 1.4359 -0.9653
0 1.4049 -0.9232
0 1.3979 -0.8681
0 1.3907 -0.8541
0 1.3905 -0.8375
0 1.3684 -0.7534
0 1.3561 -0.7368
0 1.3449 -0.6525
0 1.3163 -0.6359
0 1.3001 -0.5657
0 1.2666 -0.5272
0 1.2556 -0.5000
0 1.2392 -0.4437
0 1.1652 -0.3318
0 1.1547 -0.2735
0 1.1410 -0.2608
0 1.1140 -0.2470
0 0.1758 -2.5388
0 0.3118 -2.5489
0 0.5217 -2.5463
0 0.5939 -2.5363
0 0.9834 -2.4575
0 1.0489 -2.4499
0 1.2846 -2.3612
0 1.3520 -2.3443
0 1.5084 -2.2623
0 1.5672 -2.2533
0 1.6864 -2.1563
0 1.8804 -2.0352
0 1.9412 -1.9741
0 2.0124 -1.9284
0 2.1890 -1.7588
0 2.2979 -1.7004
0 2.3751 -1.5902
0 2.4740 -1.5123
0 2.4365 -1.4500
0 2.5220 -1.3961
0 2.5932 -1.3055
0 2.8018 -0.9566
0 2.7903 -0.8870
0 2.8668 -0.7095
0 2.9126 -0.6196
0 4.9639 -0.2351
0 5.0754 -0.2977
0 5.0782 -0.4094
0 5.0294 -0.6915
0 5.0389 -0.7999
0 4.9228 -1.1520
0 4.8952 -1.3960
0 4.8251 -1.5189
0 4.7301 -1.8471
0 4.7024 -1.9556
0 4.3681 -2.6292
0 4.1715 -2.9545
0 4.0980 -3.0493
0 4.0528 -3.1535
0 3.9697 -3.2556
0 3.8888 -3.3501
0 3.8143 -3.4478
0 3.7316 -3.5424
0 3.6663 -3.6366
0 3.1114 -4.1488
0 2.9699 -4.5503
0 3.6624 -4.0517
0 4.0962 -3.6425
0 4.2780 -3.4516
0 4.3574 -3.3480
0 4.5024 -3.1547
0 4.5682 -3.0555
0 4.6528 -2.9483
0 4.9770 -2.3635
0 5.0163 -2.2572
0 5.0977 -2.0243
0 5.1827 -1.8994
0 5.2137 -1.7541
0 5.2371 -1.6502
0 5.2507 -1.5306
0 5.3601 -1.4035
0 5.3104 -1.2578
0 5.3542 -1.1435
0 5.4428 -1.0188
0 5.5040 -0.6152
0 1.2553 -7.8157
1 0.7311 -4.6351
2 2.4460 -7.0796
0 1.9619 -6.2881
0 2.1098 -6.2069
0 2.6549 -5.5482
0 2.8147 -5.3045
0 3.1796 -5.0925
0 3.1374 -5.2426
1 0.2888 0.0482
0 1.2587 -4.9430
1 0.1549 0.0336
0 1.0039 -5.8753
1 0.1316 -0.0414
0 0.0712 -0.0629
0 0.0538 -0.1154
1 4.9603 3.6342
0 0.2359 -0.2084
1 5.2498 2.7764
0 0.2206 -0.0606
2 2.6825 4.8478
3 9.5960 0.0648
0 0.2124 -0.2719
4 7.1411 1.7660
5 8.7034 0.6850
0 3.0750 5.6411
1 0.2012 -0.2696
2 9.6551 0.9820
0 4.4786 7.2421
2 8.8479 3.9917
1 0.1722 -0.2993
0 0.2479 -0.3339
0 7.4256 -4.8330
0 0.1408 -0.2482
0 4.9437 -6.3624
0 4.2461 -7.0781
0 4.0949 -8.4599
0 0.1040 -0.3008
0 0.0816 -0.3060
0 2.2812 8.0320
0 3.2689 7.1255
0 3.9701 6.3162
0 9.7652 -0.3564
0 8.8355 -1.4479
0 7.8088 -2.8435
0 5.9298 -1.7537
1 4.0174 -4.9545
2 7.5923 2.5528
2 4.2921 -3.4193
2 7.7547 2.1948
3 2.0394 -7.0787
0 4.6302 -2.6453
1 3.3452 -4.2864
2 8.1815 1.5446
1 3.6139 -4.2463
2 8.5983 1.2569
0 4.9169 -3.4961
1 6.0546 -3.4530
2 2.4188 -7.1627
3 9.6804 0.2476
0 6.1079 -6.2621
0 6.3684 -5.6541
0 7.0735 -5.0448
0 8.3337 -4.1514
0 0.7760 -9.3878
0 0.9656 -9.1607
0 0.8849 -9.2924
0 0.3898 -9.6823
0 9.4467 -2.3476
0 1.6616 -0.2463
0 1.7226 -0.2837
0 1.7396 -0.2917
0 1.7699 -0.3073
0 1.7803 -0.3929
0 1.7943 -0.4018
0 1.8056 -0.4126
0 1.8268 -0.4208
0 1.7863 -0.4767
0 1.8307 -0.5050
0 1.8683 -0.5220
0 1.8207 -0.5813
0 1.8362 -0.5875
0 1.8659 -0.6072
0 1.8754 -0.6962
0 1.9302 -0.7193
0 1.9325 -0.8033
0 1.9455 -0.8113
0 1.9595 -0.8158
0 1.9223 -0.8790
0 1.9382 -0.8856
0 1.9832 -0.9136
0 2.0052 -0.9192
0 1.9771 -0.9881
0 1.9936 -0.9969
0 2.0363 -1.0229
0 2.0761 -1.2827
0 2.0990 -1.2887
0 2.1049 -1.3017
0 2.1294 -1.3073
0 2.1454 -1.3163
0 2.0828 -1.3772
0 2.1123 -1.3864
0 2.1264 -1.3902
0 2.1162 -1.4785
0 2.1384 -1.4836
0 2.1975 -1.5152
0 2.2197 -1.5228
0 2.2057 -1.5964
0 2.2527 -1.6223
0 2.2353 -1.6964
0 2.2381 -1.6981
0 2.2556 -1.7061
0 2.2808 -1.7149
0 2.2900 -1.7220
0 2.2487 -1.7812
0 2.3078 -1.8153
0 2.2859 -1.8933
0 2.3188 -1.9021
0 2.3311 -1.9009
0 2.3625 -1.9164
0 2.3336 -1.9569
0 2.3367 -1.9912
0 2.3792 -2.0120
0 2.3909 -2.0474
0 2.3457 -2.0778
0 2.3644 -2.0903
0 2.3780 -2.0952
0 2.3840 -2.1037
0 2.3864 -2.1114
0 2.4138 -2.1174
0 2.4238 -2.1215
0 2.4519 -2.1264
0 2.3975 -2.1929
0 2.4021 -2.1850
0 2.4150 -2.1913
0 2.4779 -2.3138
0 2.4867 -2.3060
0 2.5013 -2.3484
0 2.4606 -2.3560
0 2.4819 -2.3917
0 2.5083 -2.4155
0 2.5345 -2.4217
0 2.4949 -2.4835
0 2.5186 -2.5047
0 2.5322 -2.5027
0 2.5384 -2.5052
0 2.5689 -2.5187
0 2.5251 -2.5646
0 2.5442 -2.5955
0 2.5577 -2.5968
0 2.5610 -2.5980
0 2.5803 -2.6088
0 2.5996 -2.6157
0 2.6165 -2.6176
0 2.5635 -2.6568
0 2.5879 -2.6884
0 2.5871 -2.6856
0 2.6257 -2.7045
0 2.6355 -2.7269
0 2.6533 -2.7218
0 2.6267 -2.7853
0 2.6283 -2.7994
0 2.6620 -2.8146
0 2.6672 -2.8187
0 2.6684 -2.8241
0 2.6824 -2.8237
0 2.6360 -2.8602
0 2.6434 -2.8630
0 2.6581 -2.9045
0 2.6779 -2.9057
0 2.7022 -2.9212
0 2.7168 -2.9275
0 2.6675 -2.9587
0 2.7289 -3.0034
0 2.7379 -3.0185
0 2.7080 -3.0535
0 2.7142 -3.0556
0 2.7275 -3.1025
0 2.7605 -3.1139
0 2.7718 -3.1113
0 2.7452 -3.1577
0 2.7602 -3.1624
0 2.7596 -3.1601
0 2.7667 -3.2033
0 2.7822 -3.2139
0 2.7959 -3.2085
0 2.8124 -3.2126
0 2.8218 -3.2450
0 2.7634 -3.2788
0 2.7648 -3.2770
0 2.7950 -3.2828
0 2.8003 -3.2857
0 2.8084 -3.2568
0 2.8078 -3.2639
0 2.8246 -3.2996
0 2.8205 -3.2997
0 2.8215 -3.3168
0 2.8249 -3.3053
0 2.8612 -3.3289
0 2.8119 -3.3544
0 2.8191 -3.3901
0 2.8164 -3.3518
0 2.8256 -3.3853
0 2.8217 -3.3922
0 2.8447 -3.3871
0 2.8404 -3.3885
0 2.8440 -3.3920
0 2.8425 -3.3905
0 2.8392 -3.3982
0 2.8482 -3.3876
0 2.8488 -3.3914
0 2.8578 -3.3952
0 2.8484 -3.4056
0 2.8705 -3.4004
0 2.8556 -3.3692
0 2.8706 -3.4010
0 2.8681 -3.4080
0 2.8877 -3.4122
0 2.8792 -3.4147
0 2.8822 -3.4192
0 2.8671 -3.4192
0 2.8817 -3.4176
0 2.8815 -3.4247
0 2.8844 -3.4154
0 2.8733 -3.4206
0 2.8768 -3.4088
0 2.8771 -3.4218
0 2.8799 -3.4132
0 2.8780 -3.4123
0 2.8573 -3.4082
0 2.8694 -3.4108
0 2.8578 -3.4051
0 2.8662 -3.3945
0 2.8668 -3.3965
0 2.8561 -3.3997
0 2.8626 -3.3945
0 2.8545 -3.3683
0 2.8498 -3.3995
0 2.8475 -3.3951
0 2.8451 -3.3932
0 2.8519 -3.3939
0 2.8350 -3.3890
0 2.8279 -3.3857
0 2.8194 -3.3902
0 2.8195 -3.3839
0 2.8192 -3.3414
0 2.8538 -3.3125
0 2.8503 -3.3056
0 2.8637 -3.3260
0 2.8460 -3.3088
0 2.8212 -3.3226
0 2.8175 -3.2690
0 2.8062 -3.2700
0 2.7975 -3.2641
0 2.7913 -3.2635
0 2.7703 -3.2849
0 2.7754 -3.2567
0 2.8318 -3.2460
0 2.7448 -3.2765
0 2.8125 -3.2122
0 2.7921 -3.2108
0 2.7949 -3.2063
0 2.7759 -3.2091
0 2.7620 -3.1625
0 2.7521 -3.1570
0 2.7923 -3.1237
0 2.7952 -3.1296
0 2.7812 -3.1223
0 2.7513 -3.1145
0 2.7589 -3.1057
0 2.7258 -3.0013
0 2.7204 -3.0132
0 2.7034 -3.0070
0 2.6947 -2.9982
0 2.6876 -2.9987
0 2.6740 -2.9574
0 2.6699 -2.9585
0 2.7175 -2.9242
0 2.7137 -2.9267
0 2.6979 -2.9176
0 2.6429 -2.8595
0 2.6284 -2.8598
0 2.6778 -2.8173
0 2.6701 -2.8316
0 2.6468 -2.8156
0 2.6444 -2.8166
0 2.6408 -2.7974
0 2.6626 -2.7347
0 2.6350 -2.7027
0 2.6219 -2.7056
0 2.6190 -2.7008
0 2.5985 -2.6975
0 2.5679 -2.6850
0 2.5686 -2.6778
0 2.6190 -2.6183
0 2.5959 -2.6163
0 2.5929 -2.6158
0 2.5542 -2.5902
0 2.5468 -2.5895
0 2.5448 -2.5933
0 2.5309 -2.5447
0 2.5475 -2.5066
0 2.5269 -2.5012
0 2.4933 -2.4750
0 2.5474 -2.4224
0 2.5238 -2.4195
0 2.4996 -2.4074
0 2.4896 -2.4042
0 2.4752 -2.3977
0 2.4691 -2.3600
0 2.4461 -2.3544
0 2.5107 -2.3225
0 2.4776 -2.3093
0 2.4521 -2.2931
0 2.4358 -2.2931
0 2.4294 -2.2551
0 2.4200 -2.2763
0 2.4652 -2.2233
0 2.4076 -2.2031
0 2.4006 -2.1851
0 2.3866 -2.1502
0 2.4216 -2.1041
0 2.3983 -2.1073
0 2.3753 -2.0974
0 2.3426 -2.0869
0 2.3458 -2.0191
0 2.3124 -2.0170
0 2.2796 -2.0166
0 2.2600 -2.0090
0 2.2255 -2.0092
0 2.2114 -1.9992
0 2.1639 -2.0025
0 2.0198 -1.9943
0 1.9863 -1.9904
0 1.9559 -1.9870
0 1.8690 -1.9574
0 1.8402 -1.9863
0 1.7982 -1.9571
0 1.7658 -1.9526
0 1.7326 -1.9515
0 1.7950 -1.9154
0 1.7588 -1.9138
0 1.7253 -1.9011
0 1.6982 -1.8863
0 1.6585 -1.8832
0 1.6168 -1.8568
0 1.6904 -1.8179
0 1.6473 -1.8072
0 1.6275 -1.7938
0 1.5888 -1.7897
0 1.5511 -1.7432
0 1.6089 -1.7075
0 1.5873 -1.6995
0 1.5237 -1.6504
0 1.5344 -1.5983
0 1.4844 -1.5844
0 1.5191 -1.5195
0 1.4918 -1.5113
0 1.4347 -1.4924
0 1.4066 -1.4848
0 1.3517 -1.4138
0 1.3195 -1.4089
0 1.2819 -1.4008
0 1.2564 -1.4024
0 1.1708 -1.3275
0 1.1362 -1.3116
0 0.9979 -1.2538
0 1.0297 -1.2007
0 0.9765 -1.1091
0 0.9203 -1.0985
0 0.8555 -1.0849
0 0.8195 -1.0825
0 0.7792 -1.0495
0 0.8100 -1.0233
0 0.8047 -1.0151
0 0.7727 -1.0063
0 0.6992 -0.9932
0 0.6593 -0.9917
0 0.5792 -0.9837
0 0.5495 -0.9395
0 0.6212 -0.9142
0 0.5518 -0.8990
0 0.4768 -0.8549
0 0.4384 -0.8462
0 0.5089 -0.8151
0 0.3558 -0.7478
0 0.4367 -0.7089
0 0.3536 -0.6889
0 0.3197 -0.6596
0 0.2796 -0.6574
1 2.5767 7.7798
0 0.0717 -0.1932
1 3.3641 6.2962
0 0.0662 -0.1953
2 1.4166 4.7558
3 4.8487 7.2834
1 3.5248 6.3148
0 1.9742 -7.3610
0 3.7065 -4.9019
0 3.2400 -3.9681
1 1.1326 -2.0543
2 7.1689 -4.2935
3 3.1380 -2.7986
4 4.6263 -3.3501
1 1.8002 -2.4112
4 4.7343 -3.6518
2 6.5022 -4.4029
2 7.8140 -4.9578
0 4.1051 -3.6201
0 3.9757 -3.8414
0 3.7273 -4.1253
0 3.4876 -4.4541
0 3.2311 -4.7594
0 3.0090 -5.1278
0 2.6973 -5.3367
0 2.1581 -5.8452
0 1.9354 -6.1957
0 1.6554 -6.4317
0 1.4126 -6.7507
0 1.1784 -7.1744
0 0.0979 -8.6161
0 8.1016 -1.2420
0 6.3991 -2.4272
0 5.7396 -3.0173
0 5.2458 -3.3740
0 4.6960 -3.7875
0 4.1349 -4.1147
0 3.5845 -4.4124
0 2.9747 -4.6695
0 2.3219 -4.7999
0 1.7011 -4.8778
1 1.5194 -2.6504
2 0.0298 0.0638
2 0.9106 -4.5091
3 2.2595 2.0966
4 3.2056 6.6808
3 3.2990 4.1654
2 0.9876 -2.1416
2 0.0958 -4.6489
0 0.8899 -2.4080
1 2.7754 2.5925
1 3.0491 3.4586
0 0.8535 -2.4088
0 1.7842 -0.3420
1 0.9539 -3.0340
2 2.9325 3.0297
0 2.1939 0.6391
1 1.6314 -2.4601
2 3.3127 5.6132
3 3.5169 6.6126
0 2.2632 -0.2818
0 2.3402 -4.9627
0 3.2982 -4.7047
0 4.0216 -3.5430
0 5.2493 -3.7309
0 0.2245 -9.2138
0 1.5206 -7.3521
1 0.9465 -5.0956
2 2.8729 -6.8463
3 3.9778 -7.8498
0 4.8011 -6.1201
0 8.0361 -4.5035
0 9.2171 -1.8000
0 9.0562 -1.0492
0 9.2584 -0.5531
0 9.5336 -0.3619
0 0.8149 -8.9300
0 2.0600 -7.5038
1 1.1252 -4.9838
2 5.7081 -7.4498
3 4.3858 -6.7404
0 3.3486 -5.6499
1 1.3134 -4.4107
2 5.6995 -6.5075
0 3.6410 -5.5264
0 3.5401 -5.3767
0 3.4827 -5.4151
0 3.1461 -5.7906
0 2.4574 -6.6020
0 1.2436 -8.0900
0 6.8754 -3.2074
0 4.6288 -4.3761
0 3.7200 -4.6787
0 3.1914 -0.4419
1 2.5135 -4.8623
2 3.7781 4.6164
2 3.1196 0.3370
3 0.0305 0.0047
4 3.7700 6.7003
5 2.3116 -7.6897
0 2.8060 -4.8160
0 3.1080 -4.7086
0 3.4056 -4.6381
0 3.6206 -4.6018
0 3.7508 -4.5475
0 3.8640 -4.6230
0 3.8965 -4.5775
0 3.8292 -2.6875
0 3.9415 -3.6016
0 4.1182 -4.7425
0 4.6950 -4.5773
0 5.9693 -3.8215
0 4.4762 -0.2358
0 4.3884 -0.5040
0 4.3095 -0.7069
0 4.1542 -1.1415
0 4.1150 -1.2460
0 4.0304 -1.4457
0 3.9862 -1.5174
0 3.9258 -1.6182
0 3.8756 -1.7176
0 3.8139 -1.8134
0 3.5515 -2.1891
0 3.5295 -2.2453
0 3.4552 -2.3200
0 3.2668 -2.5131
0 3.1900 -2.5921
0 2.9926 -2.7906
0 2.9601 -2.8221
0 2.8378 -2.9157
0 2.4395 -3.1577
0 2.4239 -3.1924
0 2.4244 -3.1971
0 2.4066 -3.1994
0 2.3967 -3.2051
0 2.3752 -3.2054
0 2.3454 -3.1645
0 2.3274 -3.1648
0 2.3012 -3.1506
0 2.3011 -3.1395
0 2.2948 -3.1321
0 2.3461 -3.1037
0 2.3307 -3.0627
0 2.2914 -3.0495
0 2.2851 -3.0377
0 2.3823 -3.0109
0 2.2940 -2.9639
0 2.2763 -2.9378
0 2.2673 -2.9323
0 2.3520 -2.9136
0 2.2926 -2.8883
0 2.2655 -2.8571
0 2.2631 -2.8453
0 2.3173 -2.7797
0 2.2758 -2.7712
0 2.2600 -2.7657
0 2.2553 -2.7599
0 2.2498 -2.7328
0 2.2992 -2.7006
0 2.2773 -2.6691
0 2.2552 -2.6677
0 2.2337 -2.6460
0 2.2361 -2.6365
0 2.2994 -2.5994
0 2.2306 -2.5500
0 2.2267 -2.5408
0 2.3076 -2.5116
0 2.2648 -2.4732
0 2.2353 -2.4894
0 2.2187 -2.4519
0 2.2148 -2.4363
0 2.1839 -2.3533
0 2.2483 -2.3080
0 2.2019 -2.1411
0 2.2545 -2.0978
0 2.2248 -2.0497
0 2.2423 -1.9539
0 2.3223 -1.9064
0 2.2105 -1.7611
0 2.0828 -1.7519
0 2.0867 -1.7177
0 2.0606 -1.7177
0 2.0043 -1.7040
0 1.8608 -1.5577
0 1.8964 -1.5143
0 1.8317 -1.5057
0 1.7750 -1.4926
0 1.6592 -1.4494
0 1.6378 -1.4441
0 1.7101 -1.4112
0 1.6091 -1.3919
0 1.5796 -1.3122
0 1.4546 -1.2567
0 1.4811 -1.2012
0 1.4080 -1.1457
0 1.4713 -1.1085
0 1.4035 -1.0983
0 1.3735 -1.0959
0 1.2922 -1.0541
0 1.2629 -1.0502
0 1.2653 -0.9958
0 1.2262 -0.9872
0 1.1938 -0.9858
0 1.2262 -0.9164
0 1.1961 -0.9093
0 1.1267 -0.8906
0 1.0834 -0.8560
0 1.1199 -0.8091
0 1.0058 -0.7904
0 0.9649 -0.7521
0 1.0337 -0.7175
0 0.9324 -0.6903
0 0.9259 -0.6159
0 0.8554 -0.5971
0 0.7875 -0.5924
0 0.7076 -0.5518
0 0.7921 -0.5139
0 0.7298 -0.5055
0 0.6931 -0.5011
0 0.6514 -0.4900
0 0.5909 -0.4547
0 0.5685 -0.4461
0 0.6575 -0.4096
0 0.5728 -0.3961
0 0.5174 -0.3864
0 0.3816 -0.2456
0 0.3219 -0.2279
0 0.2489 -9.5828
0 0.3908 -9.3335
0 0.7631 -8.7004
0 1.0949 -8.2709
0 1.3651 -7.7175
1 0.3602 -6.4652
2 2.3029 -8.8680
0 2.2150 -6.9175
1 1.4809 -5.2021
2 3.6699 -6.8027
2 2.6335 -6.3884
1 0.2205 0.3394
2 1.9852 -6.0691
1 0.2150 0.1548
2 4.5901 -8.3363
0 2.3052 -6.7233
1 0.2108 0.3693
0 2.5079 -7.5755
2 3.5547 -8.2964
3 0.9767 -6.5084
4 0.2496 -6.0095
1 0.1781 0.3166
0 0.1677 0.3165
0 0.4135 -9.3977
0 0.4505 -6.2859
0 0.7412 -5.8926
1 2.3543 -7.0226
2 4.2057 -8.3288
3 3.3730 -7.7426
0 2.2927 -6.6486
1 3.5816 -7.6817
2 0.4307 -4.7452
3 1.3368 -5.5889
0 2.7922 -6.1276
0 2.8794 -6.0315
0 2.1855 -7.1657
0 2.0045 -7.4715
0 1.6741 -8.1297
0 9.2005 -1.0912
0 9.0493 -1.4927
0 8.8018 -2.1965
0 8.6193 -2.9549
0 6.7711 -6.6988
0 3.6636 -2.9565
0 3.6445 -2.9452
0 3.6149 -2.9287
0 3.5937 -2.9175
0 3.5886 -2.9037
0 3.5593 -2.8736
0 3.5446 -2.8708
0 3.5271 -2.8551
0 3.5073 -2.8532
0 3.4803 -2.8520
0 3.4449 -2.8388
0 3.4142 -2.8346
0 3.4008 -2.8320
0 3.3723 -2.8252
0 3.3503 -2.7660
0 3.3454 -2.7462
0 3.3274 -2.7335
0 3.3167 -2.7208
0 3.3358 -2.6712
0 3.3025 -2.6428
0 3.2807 -2.6225
0 3.2609 -2.6240
0 3.2372 -2.6270
0 3.1477 -2.6137
0 3.1487 -2.5665
0 3.1156 -2.5591
0 3.1062 -2.5433
0 3.0897 -2.5259
0 3.0866 -2.4564
0 3.0641 -2.4307
0 3.0789 -2.3633
0 3.0576 -2.3267
0 3.0719 -2.2651
0 3.0682 -2.2559
0 3.0676 -2.2413
0 3.0630 -2.2309
0 3.0609 -2.2219
0 3.1286 -2.1738
0 3.0723 -2.1716
0 3.0733 -2.1567
0 3.0663 -2.1437
0 3.0622 -2.1306
0 3.0614 -2.1258
0 3.1491 -2.1007
0 3.0737 -2.0762
0 3.0455 -2.0580
0 3.0238 -2.0514
0 3.0002 -2.0522
0 2.9412 -2.0605
0 2.9037 -2.0736
0 2.8552 -2.1184
0 2.8154 -2.1501
0 2.7548 -2.1687
0 2.6908 -2.2344
0 2.6226 -2.2621
0 2.5692 -2.3248
0 2.4407 -2.3709
0 2.3858 -2.4355
0 2.2491 -2.4734
0 2.1250 -2.5529
0 2.0732 -2.5593
0 1.9434 -2.6389
0 1.9231 -2.6367
0 1.7791 -2.6310
0 1.7305 -2.5673
0 1.7122 -2.5656
0 1.7294 -2.5522
0 1.7050 -2.4667
0 1.7091 -2.4545
0 1.7285 -2.4404
0 1.7194 -2.3605
0 1.7433 -2.3464
0 1.7574 -2.2569
0 1.7616 -2.2439
0 1.7890 -2.1586
0 1.7999 -2.1452
0 1.7991 -2.1303
0 1.8321 -2.0625
0 1.8386 -2.0466
0 1.8607 -1.9520
0 1.8358 -1.8666
0 1.8347 -1.8521
0 1.8107 -1.8393
0 1.8147 -1.7690
0 1.8131 -1.7605
0 1.7954 -1.7587
0 1.7782 -1.7512
0 1.7561 -1.7457
0 1.6721 -1.7413
0 1.6360 -1.6416
0 1.6090 -1.6319
0 1.6195 -1.5514
0 1.6044 -1.5368
0 1.6249 -1.4685
0 1.6322 -1.3724
0 1.6384 -1.3527
0 1.6219 -1.3337
0 1.6373 -1.2596
0 1.5899 -1.2463
0 1.5339 -1.1603
0 1.5212 -1.1539
0 1.5089 -1.1372
0 1.4892 -1.0322
0 1.4730 -0.9390
0 1.4626 -0.8655
0 1.4432 -0.8512
0 1.4431 -0.8337
0 1.4176 -0.7517
0 1.4233 -0.7385
0 1.4067 -0.7229
0 1.3955 -0.6658
0 1.3986 -0.6555
0 1.3819 -0.6346
0 1.3554 -0.5620
0 1.3540 -0.5483
0 1.3383 -0.5319
0 1.3221 -0.4730
0 1.3222 -0.4596
0 1.2831 -0.4284
0 1.1807 -0.2422
0 1.7453 -0.2407
0 1.7355 -0.2719
0 1.7208 -0.3602
0 1.6071 -0.5402
0 1.5617 -0.5590
0 1.4890 -0.6575
0 1.5317 -0.7142
0 1.4649 -0.6624
0 1.5464 -0.7035
0 1.5131 -0.6209
0 1.5046 -0.6015
0 1.5072 -0.6002
0 1.5071 -0.5952
0 1.4754 -0.5503
0 1.4637 -0.5128
0 1.4835 -0.5074
0 1.5121 -0.4184
0 1.5318 -0.4054
0 1.5540 -0.3914
0 1.5885 -0.3033
0 1.6161 -0.2529
0 1.6895 -0.2297
0 0.5064 -3.5801
0 0.5971 -3.5727
0 0.9766 -3.4567
0 1.2435 -3.3434
0 1.2817 -3.3759
0 1.5909 -3.1698
0 1.6476 -3.1775
0 1.9200 -2.9984
0 2.2407 -2.7074
0 2.3206 -2.6294
0 2.3566 -2.6003
0 2.4488 -2.4963
0 2.5157 -2.4236
0 2.5874 -2.3239
0 2.7122 -2.2142
0 2.7800 -2.1100
0 2.8417 -2.0219
0 2.9059 -1.9246
0 2.9568 -1.8302
0 3.0077 -1.7469
0 3.0656 -1.6530
0 3.1220 -1.5508
0 3.1766 -1.4880
0 3.2157 -1.3880
0 3.2631 -1.2866
0 3.3022 -1.1835
0 3.4008 -0.9607
0 3.4694 -0.7467
0 3.5221 -0.6565
0 3.5901 -0.3400
0 0.5835 -0.2385
0 0.5724 -0.2439
0 0.5728 -0.2522
0 0.5290 -0.3446
0 0.5300 -0.3541
0 0.5092 -0.3626
0 0.5073 -0.3727
0 0.5145 -0.4329
0 0.5185 -0.4354
0 0.5291 -0.4611
0 0.5200 -0.4714
0 0.5210 -0.5326
0 0.5136 -0.5629
0 0.5218 -0.5706
0 0.5144 -0.6199
0 0.5188 -0.6360
0 0.5237 -0.6580
0 0.5147 -0.7203
0 0.5157 -0.7282
0 0.5226 -0.7522
0 0.5105 -0.7582
0 0.5066 -0.8346
0 0.5066 -0.8428
0 0.4950 -0.8584
0 0.4973 -0.8656
0 0.4609 -0.8721
0 0.4170 -0.9523
0 0.3923 -0.9659
0 0.2934 -1.0721
0 0.2408 -1.1256
0 0.2208 -1.1482
0 0.2301 -1.1498
0 0.2079 -1.1655
0 0.1659 -1.1713
0 0.1368 -1.1988
0 2.8224 -0.2381
0 2.8965 -0.4931
0 2.9312 -0.5429
0 2.9839 -0.7201
0 2.9485 -0.8012
0 2.9238 -0.8871
0 2.7915 -1.4891
0 2.7341 -1.5570
0 2.6903 -1.6509
0 2.6100 -1.8354
0 2.4977 -2.0725
0 2.4297 -2.1585
0 2.3614 -2.2533
0 2.3007 -2.3395
0 2.2329 -2.4365
0 2.1907 -2.4665
0 1.9675 -2.6699
0 1.6758 -2.9404
0 1.1292 -3.2559
0 0.6145 -3.4515
0 0.3719 -3.5477
0 1.0175 -3.5536
0 1.0992 -3.5546
0 1.1828 -3.5440
0 1.5638 -3.4543
0 1.6261 -3.4510
0 1.7825 -3.3629
0 1.8284 -3.3563
0 1.9420 -3.3476
0 2.0496 -3.2747
0 2.0981 -3.2465
0 2.1449 -3.2378
0 2.3637 -3.1994
0 2.2786 -3.2275
0 2.2795 -3.2481
0 2.2893 -3.2420
0 2.3504 -3.3023
0 2.2834 -3.3245
0 2.2920 -3.3342
0 2.2922 -3.3480
0 2.3069 -3.3657
0 2.3114 -3.4609
0 2.3018 -3.5432
0 2.3123 -3.5559
0 2.3394 -3.5660
0 2.3101 -3.6439
0 2.3273 -3.6626
0 2.3443 -3.6673
0 2.3725 -3.6642
0 2.3181 -3.7377
0 2.3223 -3.7413
0 2.3202 -3.7634
0 2.3256 -3.7678
0 2.3257 -3.8297
0 2.3227 -3.8263
0 2.3325 -3.8380
0 2.3314 -3.8546
0 2.3448 -3.8646
0 2.3799 -3.8646
0 2.3348 -3.9198
0 2.3387 -3.9566
0 2.3463 -3.9533
0 2.3814 -3.9664
0 2.4305 -3.9665
0 2.3403 -4.0282
0 2.3398 -4.0367
0 2.3713 -4.0691
0 2.3841 -4.0638
0 2.3755 -4.0694
0 2.3485 -4.1283
0 2.3508 -4.1331
0 2.3537 -4.1427
0 2.4346 -4.1799
0 2.4091 -4.2122
0 2.3520 -4.2352
0 2.3587 -4.2526
0 2.3634 -4.2441
0 2.3627 -4.2583
0 2.3720 -4.2714
0 2.3644 -4.2801
0 2.3873 -4.2739
0 2.4019 -4.2789
0 2.4212 -4.2735
0 2.3638 -4.3343
0 2.3699 -4.3372
0 2.3708 -4.3429
0 2.3656 -4.3551
0 2.3677 -4.3584
0 2.3774 -4.3643
0 2.3906 -4.3555
0 2.4128 -4.3711
0 2.4323 -4.3775
0 2.4391 -4.4011
0 2.3757 -4.4264
0 2.3758 -4.4283
0 2.3698 -4.4272
0 2.3755 -4.4689
0 2.3795 -4.4588
0 2.3888 -4.4819
0 2.4085 -4.4598
0 2.3890 -4.4703
0 2.4210 -4.4625
0 2.4537 -4.4651
0 2.3779 -4.5270
0 2.3775 -4.5323
0 2.3780 -4.5287
0 2.3800 -4.5332
0 2.3831 -4.5356
0 2.3779 -4.5354
0 2.3806 -4.5480
0 2.3822 -4.5468
0 2.3857 -4.5514
0 2.3871 -4.5426
0 2.3825 -4.5482
0 2.4000 -4.5649
0 2.4051 -4.5696
0 2.4014 -4.5678
0 2.3991 -4.5738
0 2.4182 -4.5739
0 2.4163 -4.5781
0 2.4200 -4.5818
0 2.4434 -4.5770
0 2.4602 -4.6006
0 2.4624 -4.5982
0 2.3937 -4.6004
0 2.4625 -4.5795
0 2.4676 -4.5777
0 2.4746 -4.5788
0 2.3803 -4.6106
0 2.4676 -4.5785
0 2.4519 -4.5804
0 2.4394 -4.5718
0 2.4578 -4.5779
0 2.4467 -4.5764
0 2.4460 -4.5808
0 2.4408 -4.5772
0 2.4267 -4.5982
0 2.4297 -4.5736
0 2.4199 -4.5709
0 2.4013 -4.5670
0 2.3902 -4.5754
0 2.4019 -4.5935
0 2.3943 -4.5712
0 2.3929 -4.5677
0 2.3816 -4.5576
0 2.3826 -4.5501
0 2.3823 -4.5515
0 2.3806 -4.5488
0 2.3786 -4.5442
0 2.3747 -4.5351
0 2.3791 -4.5270
0 2.3809 -4.5401
0 2.4304 -4.4817
0 2.4026 -4.4663
0 2.3952 -4.4584
0 2.3931 -4.4605
0 2.3792 -4.4522
0 2.3787 -4.4572
0 2.3772 -4.4502
0 2.3729 -4.4476
0 2.3725 -4.4307
0 2.3721 -4.4291
0 2.3704 -4.4249
0 2.4344 -4.4065
0 2.4555 -4.4042
0 2.4004 -4.3709
0 2.4021 -4.3731
0 2.4005 -4.3485
0 2.3711 -4.3702
0 2.3721 -4.3617
0 2.3698 -4.3446
0 2.4348 -4.2795
0 2.4169 -4.2723
0 2.4139 -4.2839
0 2.4027 -4.2733
0 2.3826 -4.2922
0 2.3760 -4.2730
0 2.3672 -4.2596
0 2.3599 -4.2528
0 2.3600 -4.2505
0 2.4112 -4.2161
0 2.4130 -4.1603
0 2.4071 -4.1757
0 2.3889 -4.1683
0 2.3755 -4.1672
0 2.3557 -4.1650
0 2.3472 -4.1377
0 2.3491 -4.1272
0 2.3474 -4.1274
0 2.4144 -4.0731
0 2.4119 -4.0875
0 2.3753 -4.0674
0 2.3548 -4.0628
0 2.3442 -4.0571
0 2.3436 -4.0509
0 2.3445 -4.0330
0 2.3423 -4.0354
0 2.3480 -4.0343
0 2.3358 -4.0244
0 2.4069 -4.0052
0 2.3766 -3.9707
0 2.3555 -3.9666
0 2.3430 -3.9622
0 2.3433 -3.9569
0 2.3401 -3.9405
0 2.3322 -3.9300
0 2.3390 -3.9242
0 2.3373 -3.9267
0 2.3801 -3.8680
0 2.3759 -3.8602
0 2.3301 -3.8610
0 2.3301 -3.8556
0 2.3330 -3.8368
0 2.3279 -3.8370
0 2.3929 -3.7733
0 2.3679 -3.7719
0 2.3251 -3.7487
0 2.3274 -3.7406
0 2.3145 -3.7329
0 2.4183 -3.6689
0 2.3434 -3.6631
0 2.4029 -3.5851
0 2.3942 -3.6070
0 2.3240 -3.5708
0 2.3068 -3.5599
0 2.3094 -3.5458
0 2.3048 -3.5370
0 2.3786 -3.5063
0 2.3575 -3.4704
0 2.3143 -3.4605
0 2.2997 -3.4594
0 2.2988 -3.4398
0 2.2896 -3.4222
0 2.2902 -3.3633
0 2.2794 -3.3592
0 2.2778 -3.3446
0 2.3405 -3.3043
0 2.2887 -3.2636
0 2.2681 -3.2438
0 2.2743 -3.2156
0 2.3178 -3.1654
0 2.4571 -2.9969
0 2.5333 -2.9078
0 2.4981 -2.8535
0 2.5646 -2.7579
0 2.6803 -2.6205
0 2.6627 -2.5579
0 2.7605 -2.4242
0 2.8159 -2.2206
0 2.7894 -2.1909
0 2.8242 -2.1177
0 2.8005 -2.0172
0 2.7544 -1.9855
0 2.7869 -1.9596
0 2.7552 -1.9175
0 2.7106 -1.9170
0 2.6927 -1.9116
0 2.6681 -1.9466
0 2.6273 -1.9244
0 2.5444 -1.9864
0 2.4651 -2.0047
0 2.4112 -2.0021
0 2.3827 -1.9917
0 2.3681 -1.9014
0 2.3355 -1.8872
0 2.3797 -1.7469
0 2.3356 -1.7042
0 2.3196 -1.6891
0 2.3442 -1.6445
0 2.3445 -1.5506
0 2.3068 -1.5171
0 2.2752 -1.4955
0 2.2737 -1.4482
0 2.1855 -1.4559
0 2.1088 -1.4500
0 2.0731 -1.4467
0 2.0443 -1.4147
0 2.0175 -1.4084
0 1.9749 -1.4086
0 1.9418 -1.3974
0 1.9243 -1.3915
0 1.8932 -1.3907
0 1.8603 -1.3534
0 1.8306 -1.3521
0 1.8044 -1.3240
0 1.7042 -1.3128
0 1.6677 -1.3129
0 1.6411 -1.2990
0 1.6177 -1.3025
0 1.5662 -1.2766
0 1.5968 -1.2463
0 1.5507 -1.2194
0 1.5125 -1.2100
0 1.4898 -1.2106
0 1.4023 -1.1916
0 1.3771 -1.1874
0 1.3414 -1.1788
0 1.3761 -1.1558
0 1.3494 -1.1233
0 1.3064 -1.1133
0 1.2484 -1.0979
0 1.2571 -1.0194
0 1.1490 -0.9052
0 1.1237 -0.9002
0 1.1019 -0.8139
0 1.0652 -0.8019
0 1.0399 -0.7898
0 1.0327 -0.7156
0 0.9680 -0.6986
0 0.9689 -0.6224
0 0.9260 -0.6127
0 0.8635 -0.5875
0 0.7081 -0.3998
0 0.6713 -0.3462
0 0.6312 -0.3093
0 0.5330 -0.2819
0 0.5038 -0.2517
0 0.4743 -0.2451
0 0.4653 -0.2447
0 0.4619 -0.2352
0 0.4605 -0.2303
0 0.4560 -0.2292
0 0.1618 0.1961
0 0.2163 0.2207
0 0.2107 0.2301
0 0.2078 0.2573
1 0.2163 -9.8047
1 0.8264 -9.2624
0 0.2111 0.2724
0 0.2080 0.2775
1 0.3107 -9.0544
0 0.2102 0.2918
0 0.2042 0.3096
0 4.1455 -0.2325
0 4.1251 -0.2835
0 4.1217 -0.3381
0 4.0711 -0.5147
0 3.9952 -0.8005
0 3.9553 -0.9062
0 3.9105 -0.9996
0 3.8745 -1.0988
0 3.8424 -1.1903
0 3.8011 -1.2873
0 3.8027 -1.3541
0 3.7449 -1.4154
0 3.6831 -1.5065
0 3.6355 -1.6090
0 3.5177 -1.8182
0 3.4488 -1.8998
0 3.3611 -1.9585
0 3.3027 -2.0974
0 3.2020 -2.1610
0 3.0133 -2.3422
0 3.0204 -2.3731
0 2.9029 -2.4515
0 2.8094 -2.5301
0 2.7691 -2.5494
0 2.7398 -2.5670
0 2.6904 -2.5750
0 2.6481 -2.6299
0 2.6200 -2.6433
0 2.5698 -2.6582
0 2.5382 -2.6642
0 2.5444 -2.6556
0 2.5401 -2.6393
0 2.5368 -2.6192
0 2.5407 -2.5661
0 2.5421 -2.5616
0 2.5445 -2.5451
0 2.5466 -2.5332
0 2.5542 -2.4610
0 2.5557 -2.4490
0 2.5599 -2.3427
0 2.5545 -2.3263
0 2.5504 -2.2692
0 2.5721 -2.2599
0 2.5635 -2.2491
0 2.5607 -2.1691
0 2.5749 -2.1522
0 2.5675 -2.1248
0 2.5692 -2.0755
0 2.5762 -2.0548
0 2.5688 -1.9743
0 2.5878 -1.9678
0 2.5915 -1.9623
0 2.5882 -1.9461
0 2.5762 -1.9280
0 2.5826 -1.9282
0 2.5909 -1.7190
0 2.6120 -1.6587
0 2.6061 -1.6483
0 2.5988 -1.6386
0 2.6154 -1.5470
0 2.6109 -1.5365
0 2.6050 -1.5270
0 2.6241 -1.4639
0 2.6145 -1.4514
0 2.6076 -1.4371
0 2.6128 -1.3663
0 2.6235 -1.3542
0 2.6183 -1.3327
0 2.6420 -1.2574
0 2.6167 -1.2260
0 2.6332 -1.0455
0 2.6318 -1.0310
0 2.6262 -0.9702
0 2.6521 -0.9617
0 2.6439 -0.9426
0 2.6359 -0.9382
0 2.6201 -0.9231
0 2.6255 -0.8687
0 2.6350 -0.8628
0 2.6223 -0.8430
0 2.5979 -0.8392
0 2.5940 -0.8463
0 2.5638 -0.8494
0 2.5512 -0.8569
0 2.5134 -0.8592
0 2.2285 -1.1422
0 2.1187 -1.2427
0 2.0940 -1.2528
0 2.0114 -1.3365
0 1.6961 -1.5503
0 1.6749 -1.0518
0 1.6792 -1.0467
0 1.6415 -0.9510
0 1.5170 -0.9317
0 1.5368 -0.8682
0 1.5090 -0.8301
0 1.5521 -0.8403
0 1.5087 -0.7653
0 1.5190 -0.7147
0 1.5207 -0.6130
0 1.5336 -0.6063
0 1.5364 -0.5916
0 1.5310 -0.4966
0 1.5476 -0.4624
0 1.5503 -0.4468
0 1.5028 -0.3168
0 1.5004 -0.3017
0 1.5274 -0.2832
0 1.5324 -0.2781
0 1.4915 -0.2404
0 1.5083 -0.2270
0 4.0512 -3.8554
0 4.2417 -3.6647
0 4.3278 -3.5577
0 4.8982 -2.7679
0 5.0400 -2.5306
0 5.1049 -2.3699
0 5.1938 -2.2429
0 5.2303 -2.1294
0 5.3621 -1.7288
0 5.4363 -1.5691
0 5.4745 -1.4505
0 5.5408 -1.0320
0 5.6183 -0.8971
0 5.5837 -0.7513
0 5.6786 -0.6040
0 5.6717 -0.2960
0 5.7659 -0.2346
0 5.7662 -0.3414
0 5.7022 -0.7591
0 5.6137 -0.9246
0 5.4765 -1.4622
0 5.1291 -2.2605
0 4.9659 -2.5414
0 4.5389 -3.1476
0 4.4611 -3.2504
0 4.3605 -3.3552
0 0.6383 -5.1786
0 0.1683 -5.1561
0 1.8260 -3.8485
0 1.9715 -3.7406
0 2.0982 -3.6390
0 2.1758 -3.5631
0 2.3041 -3.4507
0 2.5043 -3.2599
0 2.6637 -3.0549
0 2.7219 -2.9681
0 2.8884 -2.7626
0 2.9570 -2.7010
0 3.0066 -2.5511
0 3.0588 -2.4638
0 3.1489 -2.3727
0 3.2217 -2.3029
0 3.1675 -2.2452
0 3.2642 -2.0850
0 3.3163 -2.0010
0 3.3689 -1.9123
0 3.4070 -1.8197
0 3.4895 -1.4121
0 3.5212 -1.3114
0 3.5333 -1.2510
0 3.5439 -0.9083
0 3.5699 -0.8150
0 3.5638 -0.7486
0 3.5506 -0.5936
0 3.5364 -0.3981
0 3.5371 -0.3569
0 3.5241 -0.2914
0 3.5197 -0.2496
0 0.3541 -0.2434
0 0.3529 -0.2532
0 0.2949 -0.3496
0 0.2925 -0.3597
0 0.3235 -0.3962
0 0.3815 -0.4006
0 0.2923 -0.4271
0 0.2935 -0.4367
0 0.3096 -0.4615
0 0.3395 -0.4944
0 0.3460 -0.5931
0 0.3275 -0.6333
0 0.3286 -0.6456
0 0.3348 -0.6549
0 0.3493 -0.6676
0 0.4161 -0.8075
0 0.3563 -0.8450
0 0.3617 -0.8513
0 0.3774 -0.8897
0 0.3676 -0.9521
0 0.3806 -0.9471
0 0.4265 -0.9682
0 0.3534 -1.0385
0 0.3400 -1.0526
0 0.3446 -1.0957
0 0.3608 -1.0819
0 0.2715 -1.1435
0 5.6445 -0.3844
0 5.5540 -0.7903
0 5.4880 -1.0488
0 5.3658 -1.4884
0 5.3346 -1.6090
0 5.2878 -1.7163
0 5.2108 -1.9018
0 5.1797 -2.0104
0 4.9924 -2.4144
0 4.9444 -2.5093
0 4.8904 -2.6258
0 4.7743 -2.7881
0 4.7145 -2.8952
0 4.6416 -3.0136
0 4.5175 -3.2238
0 4.3707 -3.3520
0 4.2159 -3.5815
0 4.1179 -3.6533
0 3.6916 -4.0999
0 3.6027 -4.2001
0 3.2078 -4.4642
0 3.0841 -4.5514
0 2.9803 -4.6388
0 2.8595 -4.6624
0 2.6061 -4.8488
0 2.3518 -4.9661
0 2.1767 -5.0731
0 2.1723 -5.0758
0 2.1672 -5.0723
0 2.1651 -5.0742
0 2.1676 -5.0761
0 2.1682 -5.0752
0 2.1666 -5.0755
0 2.1792 -5.0726
0 2.1929 -5.0662
0 2.1887 -5.0563
0 2.1961 -5.0506
0 2.1581 -5.0489
0 2.1599 -5.0419
0 2.1670 -5.0298
0 2.1769 -4.9725
0 2.2017 -4.9667
0 2.1695 -4.9575
0 2.1759 -4.9457
0 2.1710 -4.9344
0 2.1750 -4.9294
0 2.1736 -4.9267
0 2.1872 -4.8788
0 2.1889 -4.8609
0 2.1811 -4.8617
0 2.1823 -4.8587
0 2.1880 -4.8425
0 2.1835 -4.8331
0 2.1834 -4.8329
0 2.1854 -4.8236
0 2.1899 -4.7777
0 2.1859 -4.7803
0 2.1942 -4.7606
0 2.1885 -4.7737
0 2.1946 -4.7334
0 2.1881 -4.7201
0 2.2043 -4.6736
0 2.2163 -4.6608
0 2.1970 -4.6584
0 2.1877 -4.6520
0 2.1930 -4.6246
0 2.2050 -4.5724
0 2.2225 -4.5825
0 2.2024 -4.5538
0 2.2050 -4.5216
0 2.2192 -4.4668
0 2.2256 -4.4570
0 2.2117 -4.4362
0 2.2110 -4.4351
0 2.2319 -4.2730
0 2.2324 -4.2732
0 2.2380 -4.2634
0 2.2244 -4.2508
0 2.2315 -4.2306
0 2.2328 -4.1670
0 2.2347 -4.1373
0 2.2348 -4.1269
0 2.2385 -4.0524
0 2.2626 -3.9634
0 2.2506 -3.9370
0 2.2543 -3.9341
0 2.2514 -3.9300
0 2.2503 -3.9173
0 2.2625 -3.8655
0 2.2555 -3.8565
0 2.2563 -3.8495
0 2.2573 -3.8139
0 2.2730 -3.7782
0 2.2677 -3.7376
0 2.2830 -3.6627
0 2.2720 -3.6449
0 2.2827 -3.5832
0 2.2841 -3.5509
0 2.2796 -3.4822
0 2.2953 -3.4664
0 2.2898 -3.4596
0 2.2867 -3.4541
0 2.2933 -3.4302
0 2.2975 -3.3577
0 2.2952 -3.3471
0 2.2996 -3.3299
0 2.2925 -3.3285
0 2.3099 -3.2733
0 2.3058 -3.2401
0 2.3119 -3.1592
0 2.3007 -3.1359
0 2.3131 -3.1395
0 2.3061 -3.1257
0 2.3127 -3.1035
0 2.3337 -3.0707
0 2.3205 -3.0545
0 2.3124 -3.0548
0 2.3147 -3.0362
0 2.3326 -2.9692
0 2.3261 -2.9615
0 2.3324 -2.9507
0 2.3174 -2.9318
0 2.3199 -2.9293
0 2.3313 -2.8455
0 2.3355 -2.8387
0 2.3324 -2.7738
0 2.3338 -2.7655
0 2.3350 -2.7609
0 2.3361 -2.7459
0 2.3328 -2.6519
0 2.3287 -2.6364
0 2.3447 -2.5350
0 2.3487 -2.4771
0 2.4034 -2.3819
0 2.3997 -2.3544
0 2.4174 -2.2570
0 2.4155 -2.2305
0 2.4479 -2.1704
0 2.4250 -2.1463
0 2.4148 -2.1199
0 2.4343 -2.0723
0 2.4034 -2.0671
0 2.3715 -2.0604
0 2.3148 -2.0548
0 2.2907 -2.0516
0 2.2696 -2.0432
0 2.2366 -2.0208
0 2.2208 -1.9644
0 2.2016 -1.9470
0 2.1810 -1.9375
0 2.1615 -1.9300
0 2.0146 -1.8707
0 1.9919 -1.8674
0 1.9750 -1.8627
0 1.9513 -1.8472
0 1.8976 -1.8204
0 1.8400 -1.6648
0 1.8443 -1.5637
0 1.8321 -1.5404
0 1.8221 -1.5229
0 1.7906 -1.4428
0 1.7506 -1.4279
0 1.7277 -1.4161
0 1.7193 -1.3691
0 1.6555 -1.3263
0 1.6378 -1.3199
0 1.6440 -1.2714
0 1.6301 -1.2475
0 1.6118 -1.2299
0 1.6053 -1.1609
0 1.5870 -1.1469
0 1.5681 -1.1272
0 1.6050 -1.0735
0 1.5430 -1.0411
0 1.5163 -0.9523
0 1.5926 -0.9074
0 1.5022 -0.8631
0 1.4470 -0.8300
0 1.5153 -0.8024
0 1.4387 -0.7575
0 1.4435 -0.6993
0 1.3802 -0.6591
0 1.3604 -0.6381
0 1.3252 -0.5504
0 1.3106 -0.5358
0 1.3109 -0.4635
0 1.2669 -0.4496
0 1.3019 -0.3994
0 1.2325 -0.3621
0 1.2026 -0.3493
0 1.2886 -0.3110
0 1.2346 -0.2988
0 1.1301 -0.2480
0 1.0869 -0.2402
0 4.7585 -3.7270
0 4.7598 -3.7284
0 4.7596 -3.7439
0 4.7642 -3.7471
0 4.7669 -3.7611
0 4.7762 -3.7741
0 4.7539 -3.7774
0 4.7599 -3.8297
0 4.7612 -3.8301
0 4.7644 -3.8325
0 4.7662 -3.8390
0 4.7503 -3.8384
0 4.7675 -3.8522
0 4.7672 -3.8541
0 4.7712 -3.8576
0 4.7738 -3.8662
0 4.7549 -3.8995
0 4.7610 -3.9339
0 4.7626 -3.9396
0 4.7683 -3.9456
0 4.7630 -3.9351
0 4.7677 -3.9595
0 4.7709 -3.9623
0 4.7723 -3.9601
0 4.7689 -3.9689
0 4.7678 -3.9677
0 4.7817 -3.9729
0 4.7733 -3.9714
0 4.7620 -3.9705
0 4.7692 -3.9711
0 4.7725 -3.9705
0 4.7784 -3.9641
0 4.8039 -3.9734
0 4.7652 -3.9729
0 4.7968 -3.9735
0 4.7721 -3.9690
0 4.7706 -3.9690
0 4.7832 -3.9696
0 4.7639 -3.9743
0 4.7683 -3.9614
0 4.7736 -3.9681
0 4.7606 -3.9694
0 4.7684 -3.9703
0 4.7652 -3.9731
0 4.7750 -3.9676
0 4.7726 -3.9695
0 4.7691 -3.9632
0 4.7779 -3.9668
0 4.7770 -3.9686
0 4.7782 -3.9655
0 4.7643 -3.9480
0 4.7657 -3.9459
0 4.7655 -3.9405
0 4.7553 -3.9376
0 4.7665 -3.9381
0 4.7649 -3.9320
0 4.7561 -3.9297
0 4.7617 -3.8707
0 4.7562 -3.8770
0 4.7603 -3.8649
0 4.7682 -3.8612
0 4.7713 -3.8548
0 4.7730 -3.8563
0 4.7709 -3.8596
0 4.7639 -3.8498
0 4.7622 -3.8428
0 4.7566 -3.8346
0 4.7613 -3.8296
0 4.7633 -3.8365
0 4.7602 -3.8299
0 4.7525 -3.8232
0 4.7852 -3.7767
0 4.7698 -3.7677
0 4.7798 -3.7594
0 4.7721 -3.7590
0 4.7673 -3.7540
0 4.7630 -3.7461
0 4.7594 -3.7437
0 4.7659 -3.7315
0 4.7630 -3.7302
0 4.7600 -3.7272
0 4.7561 -3.7255
0 4.7576 -3.6695
0 4.7679 -3.6706
0 4.7688 -3.6677
0 4.7742 -3.6567
0 4.7645 -3.6483
0 4.7632 -3.6485
0 4.7657 -3.6354
0 4.7593 -3.6275
0 4.7539 -3.6264
0 4.7634 -3.6244
0 4.7586 -3.5761
0 4.7579 -3.5724
0 4.7737 -3.5635
0 4.7724 -3.5614
0 4.7637 -3.5499
0 4.7557 -3.5427
0 4.7651 -3.5337
0 4.7510 -3.5264
0 4.7546 -3.5177
0 4.7647 -3.4711
0 4.7775 -3.4717
0 4.7609 -3.4700
0 4.7639 -3.4483
0 4.7608 -3.4274
0 4.7725 -3.3779
0 4.7716 -3.3552
0 4.7647 -3.3452
0 4.7590 -3.3346
0 4.7521 -3.3189
0 4.7678 -3.2754
0 4.7806 -3.2664
0 4.7704 -3.2725
0 4.7609 -3.2624
0 4.7651 -3.2455
0 4.7590 -3.2394
0 4.7620 -3.2336
0 4.8177 -3.1707
0 4.7802 -3.1647
0 4.7637 -3.1181
0 4.7577 -3.0680
0 4.7694 -3.0615
0 4.7647 -3.0561
0 4.7632 -3.0435
0 4.7577 -3.0410
0 4.7602 -3.0241
0 4.7515 -3.0208
0 4.7668 -2.9697
0 4.7686 -2.9532
0 4.7534 -2.9324
0 4.8577 -2.8797
0 4.8103 -2.8704
0 4.7703 -2.8660
0 4.7614 -2.8542
0 4.7551 -2.8426
0 4.7663 -2.7654
0 4.7724 -2.7598
0 4.7579 -2.7449
0 4.7585 -2.7380
0 4.7489 -2.7277
0 4.7557 -2.7232
0 4.7504 -2.6752
0 4.7808 -2.6704
0 4.7667 -2.6533
0 4.7675 -2.6471
0 4.7520 -2.6323
0 4.7498 -2.6259
0 4.7468 -2.5728
0 4.7840 -2.5683
0 4.7547 -2.5559
0 4.7499 -2.5432
0 4.7398 -2.5320
0 4.7296 -2.5275
0 4.6898 -2.5370
0 4.6768 -2.5497
0 4.5250 -2.6704
0 4.4837 -2.7392
0 4.3706 -2.8505
0 4.2959 -2.9314
0 3.9173 -3.2605
0 3.8225 -3.3311
0 3.7658 -3.3628
0 3.6203 -3.4629
0 3.3599 -3.5609
0 3.3734 -3.5603
0 3.5081 -3.2542
0 3.5465 -3.1504
0 3.5687 -3.0620
0 3.5133 -3.0517
0 3.4873 -3.0373
0 3.4692 -3.0431
0 3.4217 -3.0354
0 3.4357 -2.9572
0 3.4308 -2.9426
0 3.4065 -2.8639
0 3.3340 -2.8448
0 3.3037 -2.8474
0 3.2907 -2.8382
0 3.2569 -2.8397
0 3.2398 -2.8365
0 3.2327 -2.7630
0 3.2447 -2.7592
0 3.2253 -2.7593
0 3.2143 -2.7440
0 3.1679 -2.6459
0 3.1884 -2.5730
0 3.1920 -2.5519
0 3.2375 -2.4334
0 3.2450 -2.3617
0 3.2409 -2.3481
0 3.2564 -2.2733
0 3.2487 -2.1392
0 3.2597 -2.0350
0 3.2596 -1.9676
0 3.2721 -1.8439
0 3.2334 -1.7619
0 3.1907 -1.7577
0 3.1645 -1.7586
0 3.1508 -1.7553
0 3.1261 -1.7545
0 3.1101 -1.7552
0 3.0377 -1.6696
0 3.0241 -1.6597
0 3.0018 -1.6497
0 2.9833 -1.5299
0 2.9801 -1.4642
0 2.9794 -1.4485
0 2.9588 -1.3422
0 2.9466 -1.3359
0 2.8895 -1.3458
0 2.8674 -1.3509
0 2.7894 -1.3502
0 2.7865 -1.3468
0 2.7494 -1.3440
0 2.7355 -1.3412
0 2.7188 -1.3331
0 2.6596 -1.2433
0 2.6215 -1.1529
0 2.6201 -1.0578
0 2.6245 -1.0353
0 2.6115 -0.9651
0 2.5997 -0.8563
0 2.6124 -0.8432
0 2.5729 -0.7672
0 2.5454 -0.7572
0 2.5335 -0.7495
0 2.5308 -0.7477
0 2.4962 -0.7356
0 2.5049 -0.7313
0 2.4635 -0.6590
0 2.4584 -0.6465
0 2.4398 -0.5623
0 2.4357 -0.5470
0 2.4256 -0.5312
0 2.4210 -0.4635
0 2.4112 -0.4425
0 2.3926 -0.3530
0 2.3827 -0.3330
0 2.3764 -0.2632
0 2.3651 -0.2445
0 0.7048 -3.5705
0 0.7619 -3.5565
0 0.9658 -3.4686
0 1.0563 -3.4485
0 1.1797 -3.3667
0 1.3270 -3.2667
0 1.4180 -3.2429
0 1.4608 -3.1649
0 1.5716 -3.0555
0 1.5938 -3.0503
0 1.5864 -2.9647
0 1.6120 -2.9618
0 1.6179 -2.9495
0 1.6194 -2.9420
0 1.6056 -2.9311
0 1.6167 -2.8696
0 1.6347 -2.8598
0 1.6338 -2.8509
0 1.6102 -2.8356
0 1.6344 -2.7707
0 1.6576 -2.7329
0 1.6780 -2.6749
0 1.6885 -2.6643
0 1.6758 -2.6379
0 1.7135 -2.5601
0 1.7127 -2.5542
0 1.7143 -2.5450
0 1.7292 -2.4320
0 1.7510 -2.3718
0 1.7653 -2.3655
0 1.7690 -2.3504
0 1.7666 -2.3373
0 1.7753 -2.3302
0 1.8024 -2.2598
0 1.8002 -2.2529
0 1.7934 -2.2303
0 1.8129 -2.1478
0 1.8448 -2.0686
0 1.8602 -2.0531
0 1.8411 -2.0405
0 1.8429 -1.9672
0 1.7958 -1.9561
0 1.7705 -1.9484
0 1.7569 -1.9509
0 1.7299 -1.9437
0 1.7032 -1.9424
0 1.6600 -1.9450
0 1.6438 -1.9498
0 1.5966 -1.9463
0 1.5406 -1.9548
0 1.4896 -1.9624
0 1.3538 -2.0393
0 1.2059 -2.0431
0 1.1620 -2.0403
0 1.1109 -2.0527
0 1.0800 -2.0597
0 1.0410 -2.0467
0 0.9603 -1.9577
0 0.9435 -1.9561
0 0.9475 -1.9484
0 0.9595 -1.8453
0 1.0447 -1.6623
0 1.0517 -1.6479
0 1.1054 -1.5399
0 1.1086 -1.4603
0 1.1345 -1.4437
0 1.1184 -1.4337
0 1.1331 -1.3658
0 1.1611 -1.2529
0 1.1587 -1.2416
0 1.1644 -1.1471
0 1.1730 -1.0659
0 1.1757 -1.0556
0 1.1687 -0.9544
0 1.1605 -0.8569
0 1.1514 -0.7610
0 1.1470 -0.7272
0 1.1358 -0.6651
0 1.1130 -0.5710
0 1.1243 -0.5497
0 1.0890 -0.4738
0 1.0536 -0.4200
0 1.0755 -0.3628
0 1.0410 -0.3444
0 1.0171 -0.3242
0 0.9948 -0.2499
0 0.9675 -0.2363
0 0.5486 -2.7711
0 1.8523 -1.7369
0 2.0397 -1.4549
0 2.1059 -1.3378
0 2.1526 -1.2497
0 2.2236 -1.0484
0 2.3103 -0.8391
0 2.4107 -0.3664
0 1.9834 -0.2323
0 1.9494 -0.2410
0 1.9090 -0.2423
0 1.8352 -0.4056
0 1.8086 -0.4178
0 1.8120 -0.4908
0 1.7847 -0.4546
0 1.7890 -0.4490
0 1.7879 -0.4368
0 1.7842 -0.2930
0 1.7735 -0.2490
0 0.2548 -4.3496
0 0.6544 -4.2690
0 0.7447 -4.2486
0 1.1560 -4.1444
0 1.2893 -4.0658
0 1.3389 -4.0509
0 1.3692 -4.0374
0 1.4264 -3.9645
0 1.4244 -3.9664
0 1.4261 -3.9736
0 1.4212 -3.9602
0 1.4239 -3.9508
0 1.4301 -3.9504
0 1.4319 -3.9286
0 1.4378 -3.9297
0 1.4684 -3.8667
0 1.4747 -3.8689
0 1.4736 -3.8580
0 1.4760 -3.8660
0 1.4914 -3.8467
0 1.4976 -3.8212
0 1.5079 -3.7722
0 1.5231 -3.7754
0 1.5192 -3.7565
0 1.5238 -3.7512
0 1.5305 -3.7471
0 1.5361 -3.7524
0 1.5408 -3.7290
0 1.5633 -3.6809
0 1.6030 -3.6835
0 1.5970 -3.5744
0 1.6046 -3.5702
0 1.6090 -3.5603
0 1.6105 -3.5492
0 1.6153 -3.5379
0 1.6516 -3.4728
0 1.6481 -3.4518
0 1.6545 -3.4421
0 1.6524 -3.4219
0 1.6528 -3.4214
0 1.6807 -3.3746
0 1.6621 -3.3663
0 1.6777 -3.3525
0 1.6822 -3.3578
0 1.6786 -3.3335
0 1.6878 -3.3205
0 1.7183 -3.2688
0 1.6909 -3.2649
0 1.6868 -3.2590
0 1.6865 -3.2475
0 1.6852 -3.2490
0 1.6817 -3.2328
0 1.6824 -3.2243
0 1.7094 -3.1848
0 1.6849 -3.1571
0 1.6801 -3.1446
0 1.7054 -3.0791
0 1.6925 -3.0666
0 1.6803 -3.0432
0 1.6760 -3.0182
0 1.7721 -2.9805
0 1.6730 -2.9679
0 1.6847 -2.9575
0 1.6695 -2.9277
0 1.6728 -2.9133
0 1.7354 -2.8633
0 1.6847 -2.8694
0 1.6689 -2.8270
0 1.7033 -2.7736
0 1.6741 -2.7507
0 1.6746 -2.7216
0 1.7025 -2.6667
0 1.6833 -2.6734
0 1.6690 -2.6431
0 1.6675 -2.6496
0 1.6721 -2.6319
0 1.6618 -2.6213
0 1.6947 -2.6054
0 1.6659 -2.5624
0 1.6661 -2.5353
0 1.6995 -2.5016
0 1.6827 -2.4650
0 1.6679 -2.4620
0 1.6652 -2.4430
0 1.7015 -2.3788
0 1.6748 -2.3604
0 1.6673 -2.3509
0 1.6604 -2.3401
0 1.6605 -2.3224
0 1.6619 -2.2590
0 1.6578 -2.2266
0 1.6538 -2.2229
0 1.6764 -2.1699
0 1.6748 -2.1680
0 1.6662 -2.1604
0 1.6591 -2.1391
0 1.7144 -2.0998
0 1.6740 -2.0695
0 1.6637 -2.0568
0 1.6607 -2.0486
0 1.6560 -2.0435
0 1.6478 -1.9266
0 1.6784 -1.8996
0 1.6561 -1.8643
0 1.6512 -1.8539
0 1.6451 -1.8451
0 1.6453 -1.8028
0 1.6490 -1.7571
0 1.6424 -1.7467
0 1.6363 -1.7233
0 1.6548 -1.6667
0 1.6419 -1.6423
0 1.6399 -1.6312
0 1.6463 -1.5653
0 1.6443 -1.5510
0 1.6313 -1.5281
0 1.6995 -1.5016
0 1.6605 -1.5041
0 1.6435 -1.4570
0 1.6359 -1.4528
0 1.6329 -1.4320
0 1.6283 -1.3734
0 1.6383 -1.3542
0 1.6338 -1.3445
0 1.6266 -1.3319
0 1.6215 -1.3001
0 1.6286 -1.2419
0 1.6305 -1.1630
0 1.6283 -1.1501
0 1.6197 -1.0545
0 1.6113 -1.0460
0 1.6009 -1.0357
0 1.6014 -0.9679
0 1.5778 -0.9460
0 1.5604 -0.9220
0 1.5757 -0.8666
0 1.5488 -0.8439
0 1.5201 -0.7367
0 1.5740 -0.7020
0 1.4840 -0.6329
0 1.5457 -0.5975
0 1.5548 -0.5100
0 1.4333 -0.4515
0 1.4923 -0.3169
0 1.3166 -0.2431
0 1.2788 -0.2311
0 0.1507 -3.4124
0 0.1629 -3.4112
0 1.5947 -2.0540
0 1.7641 -1.8474
0 1.7979 -1.7615
0 1.8576 -1.6460
0 1.9434 -1.4539
0 1.9728 -1.3553
0 1.9782 -1.2607
0 1.9917 -1.2320
0 1.9868 -1.1677
0 1.9917 -1.0666
0 2.0063 -1.0539
0 1.9891 -1.0345
0 1.9573 -0.9691
0 1.9341 -0.9675
0 1.9025 -0.9560
0 1.8994 -0.9536
0 1.8104 -0.9537
0 1.7936 -0.9558
0 1.7704 -0.9595
0 1.7489 -0.9641
0 1.7283 -0.9606
0 1.7064 -0.9619
0 1.6673 -0.9493
0 1.6468 -0.8651
0 1.6306 -0.8400
0 1.6220 -0.7615
0 1.6147 -0.6435
0 1.4853 -0.3480
0 1.4762 -0.3372
0 1.4602 -0.2695
0 1.4386 -0.2675
0 1.4222 -0.2631
0 1.4076 -0.2647
0 1.3975 -0.2636
0 1.3803 -0.2620
0 1.3488 -0.2576
0 1.3369 -0.2488
0 1.3285 -0.2395
0 4.7719 0.6398
0 4.7755 0.6799
0 4.8550 0.6887
0 4.8678 0.7218
0 4.8433 0.7320
0 4.8231 0.7499
0 4.8118 0.7712
0 4.7935 0.7891
0 4.8682 0.8120
0 4.8528 0.8305
0 4.8465 0.8507
0 4.8376 0.8603
0 4.8181 0.8802
0 4.7984 0.8999
0 4.8531 0.9413
0 4.8116 0.9867
0 4.8592 1.0274
0 4.8354 1.0654
0 4.8658 1.0950
0 4.8619 1.1163
0 4.8469 1.1384
0 4.8058 1.1761
0 4.8648 1.1838
0 4.8565 1.2054
0 4.8418 1.2278
0 4.8247 1.2457
0 4.8639 1.2648
0 4.8505 1.2755
0 4.8422 1.3163
0 4.8210 1.3394
0 4.8662 1.3560
0 4.8481 1.3662
0 4.8282 1.3862
0 4.8211 1.4040
0 4.8462 1.4536
0 4.8336 1.4753
0 4.8608 1.4947
0 4.8431 1.5032
0 4.8357 1.5257
0 4.8324 1.5456
0 4.8655 1.5656
0 4.8519 1.5738
0 4.8385 1.5947
0 4.8694 1.6140
0 4.8598 1.6348
0 4.8418 1.6489
0 4.8299 1.6660
0 4.8768 1.6854
0 4.8681 1.7094
0 4.8474 1.7143
0 4.8605 1.7323
0 4.8632 1.7549
0 4.8471 1.7640
0 4.8692 1.7830
0 4.8566 1.8024
0 4.8466 1.8092
0 4.8355 1.8337
0 4.8508 1.8726
0 4.8433 1.8849
0 4.8427 1.9233
0 4.8506 1.9276
0 4.8664 1.9544
0 4.8565 1.9770
0 4.8476 1.9828
0 4.8562 2.0026
0 4.8495 2.0224
0 4.8449 2.0301
0 4.8654 2.0505
0 4.8568 2.1006
0 4.8519 2.1608
0 4.8633 2.2032
0 4.8573 2.2250
0 4.8411 2.2572
0 4.8553 2.2748
0 4.8609 2.2991
0 4.8619 2.3314
0 4.8470 2.3355
0 4.8677 2.3900
0 4.8574 2.3968
0 4.8531 2.4186
0 4.8659 2.4375
0 4.8475 2.4496
0 4.8623 2.4645
0 4.8498 2.5259
0 4.8578 2.5492
0 4.8548 2.5843
0 4.8595 2.6102
0 4.8601 2.6381
0 4.8754 2.6600
0 4.8560 2.6700
0 4.8436 2.6843
0 4.8598 2.7310
0 4.8475 2.7505
0 4.8662 2.8123
0 4.8431 2.8307
0 4.8629 2.8344
0 4.8592 2.8689
0 4.8659 2.8963
0 4.8398 2.9095
0 4.8557 2.9184
0 4.8669 2.9846
0 4.8483 3.0087
0 4.8708 3.0084
0 4.8509 3.0181
0 4.8525 3.0388
0 4.8501 3.0526
0 4.8492 3.0713
0 4.8773 3.1354
0 4.8495 3.1588
0 4.8693 3.1664
0 4.8480 3.1769
0 4.8578 3.1901
0 4.8724 3.1941
0 4.8783 3.2580
0 4.8769 3.3495
0 4.8561 3.3625
0 4.8489 3.3822
0 4.8652 3.3943
0 4.8652 3.4160
0 4.8540 3.4162
0 4.8588 3.4268
0 4.8735 3.4482
0 4.8599 3.4565
0 4.8660 3.4555
0 4.8633 3.4791
0 4.8587 3.4835
0 4.8728 3.4951
0 4.8516 3.5107
0 4.8620 3.5210
0 4.8674 3.5459
0 4.8582 3.5491
0 4.8751 3.5552
0 4.8672 3.5820
0 4.8558 3.6130
0 4.8588 3.6200
0 4.8682 3.6236
0 4.8740 3.6590
0 4.8561 3.6833
0 4.8624 3.6838
0 4.8680 3.6908
0 4.8699 3.6859
0 4.8527 3.7133
0 4.8600 3.7134
0 4.8663 3.7208
0 4.8707 3.7240
0 4.8679 3.7264
0 4.8553 3.7515
0 4.8697 3.7541
0 4.8655 3.7568
0 4.8680 3.7613
0 4.8495 3.7616
0 4.8582 3.7756
0 4.8689 3.7850
0 4.8666 3.7901
0 4.8691 3.7931
0 4.8482 3.7978
0 4.8586 3.7937
0 4.8543 3.8231
0 4.8591 3.8250
0 4.8687 3.8282
0 4.8698 3.8294
0 4.8579 3.8318
0 4.8598 3.8316
0 4.8686 3.8566
0 4.8514 3.8676
0 4.8493 3.8734
0 4.8628 3.8764
0 4.8609 3.8905
0 4.8674 3.8927
0 4.8677 3.8924
0 4.8713 3.8958
0 4.8665 3.8971
0 4.8564 3.8953
0 4.8648 3.9046
0 4.8546 3.9242
0 4.8627 3.9342
0 4.8617 3.9273
0 4.8723 3.9288
0 4.8742 3.9352
0 4.8637 3.9338
0 4.8656 3.9419
0 4.8663 3.9636
0 4.8647 3.9706
0 4.8685 3.9672
0 4.8736 3.9723
0 4.8758 3.9708
0 4.8542 3.9717
0 4.8534 3.9769
0 4.8551 3.9710
0 4.8606 3.9774
0 4.8587 3.9741
0 4.8584 3.9817
0 4.8628 3.9787
0 4.8679 3.9760
0 4.8637 3.9840
0 4.8623 3.9824
0 4.8659 3.9808
0 4.8536 3.9804
0 4.8510 3.9789
0 4.8605 3.9774
0 4.8462 3.9724
0 4.8598 3.9707
0 4.8726 3.9713
0 4.8763 3.9681
0 4.8742 3.9608
0 4.8604 3.9658
0 4.8639 3.9400
0 4.8595 3.9386
0 4.8509 3.9318
0 4.8722 3.9306
0 4.8634 3.9373
0 4.8642 3.9433
0 4.8614 3.9292
0 4.8561 3.9224
0 4.8572 3.9099
0 4.8538 3.9023
0 4.8623 3.9037
0 4.8468 3.8980
0 4.8660 3.8989
0 4.8663 3.8948
0 4.8657 3.8884
0 4.8704 3.8933
0 4.8633 3.8776
0 4.8722 3.8607
0 4.8730 3.8571
0 4.8629 3.8634
0 4.8569 3.8374
0 4.8619 3.8367
0 4.8541 3.8272
0 4.8704 3.8297
0 4.8628 3.8243
0 4.8630 3.8221
0 4.8483 3.8181
0 4.8589 3.7926
0 4.8740 3.7954
0 4.8677 3.7886
0 4.8556 3.7893
0 4.8660 3.7835
0 4.8595 3.7624
0 4.8706 3.7616
0 4.8643 3.7554
0 4.8524 3.7478
0 4.8489 3.7327
0 4.8718 3.7282
0 4.8571 3.7125
0 4.8564 3.7220
0 4.8481 3.6955
0 4.8560 3.6868
0 4.8584 3.6867
0 4.8475 3.6600
0 4.8667 3.6546
0 4.8687 3.6249
0 4.8597 3.6127
0 4.8791 3.6096
0 4.8622 3.5872
0 4.8579 3.5870
0 4.8570 3.5851
0 4.8654 3.5603
0 4.8616 3.5575
0 4.8558 3.5225
0 4.8519 3.5153
0 4.8698 3.4928
0 4.8532 3.4861
0 4.8542 3.4553
0 4.8525 3.4452
0 4.8808 3.4467
0 4.8660 3.4311
0 4.8503 3.4255
0 4.8472 3.4196
0 4.8650 3.4115
0 4.8635 3.3878
0 4.8549 3.3630
0 4.8711 3.3540
0 4.8737 3.3499
0 4.8612 3.3136
0 4.8460 3.2920
0 4.8707 3.2891
0 4.8485 3.2634
0 4.8646 3.2528
0 4.8565 3.2340
0 4.8766 3.2302
0 4.8518 3.2221
0 4.8399 3.1914
0 4.8702 3.1922
0 4.8530 3.1861
0 4.8737 3.1694
0 4.8605 3.1637
0 4.8499 3.1388
0 4.8594 3.0931
0 4.8617 3.0715
0 4.8507 3.0666
0 4.8712 3.0462
0 4.8557 3.0461
0 4.8657 3.0074
0 4.8446 3.0028
0 4.8633 2.9878
0 4.8660 2.9279
0 4.8473 2.9167
0 4.8771 2.8973
0 4.8586 2.8873
0 4.8666 2.8695
0 4.8721 2.8612
0 4.8547 2.8317
0 4.8729 2.8295
0 4.8669 2.8072
0 4.8669 2.7791
0 4.8747 2.7734
0 4.8603 2.7522
0 4.8402 2.7450
0 4.8593 2.7232
0 4.8749 2.7181
0 4.8651 2.6907
0 4.8770 2.6870
0 4.8800 2.6590
0 4.8584 2.6406
0 4.8655 2.6307
0 4.8564 2.6104
0 4.8463 2.5806
0 4.8656 2.5729
0 4.8410 2.5499
0 4.8565 2.5299
0 4.8540 2.5066
0 4.8716 2.4990
0 4.8452 2.4725
0 4.8658 2.4651
0 4.8573 2.4354
0 4.8505 2.3631
0 4.8636 2.3641
0 4.8390 2.3411
0 4.8594 2.3327
0 4.8840 2.3094
0 4.8490 2.2919
0 4.8573 2.2543
0 4.8728 2.2323
0 4.8544 2.2123
0 4.8541 2.1981
0 4.8494 2.1789
0 4.8543 2.1793
0 4.8671 2.1542
0 4.8544 2.0722
0 4.7832 2.0898
0 4.7224 2.1313
0 4.6324 2.2136
0 4.6237 2.2535
0 4.5734 2.3027
0 4.5123 2.3708
0 4.4738 2.4312
0 4.2753 2.6126
0 4.2335 2.6243
0 4.2008 2.6331
0 4.1494 2.6664
0 4.1232 2.6685
0 4.0952 2.6694
0 4.0699 2.6658
0 4.0861 2.6413
0 4.0539 2.6289
0 4.0586 2.5985
0 4.0280 2.5860
0 4.0494 2.5430
0 4.0181 2.5235
0 4.0362 2.4056
0 4.0509 2.3615
0 4.0498 2.3140
0 4.0652 2.2733
0 4.0516 2.2285
0 4.0360 2.1989
0 4.0315 2.1761
0 4.0235 2.1582
0 4.0136 2.1737
0 3.9398 2.1695
0 3.9296 2.1668
0 3.8650 2.1878
0 3.8540 2.2076
0 3.8138 2.2233
0 3.7789 2.2494
0 3.7340 2.2894
0 3.6803 2.3019
0 3.6419 2.3160
0 3.6134 2.3284
0 3.5968 2.2886
0 3.5794 2.2766
0 3.5544 2.2543
0 3.5584 2.2508
0 3.5285 2.2425
0 3.5562 2.1975
0 3.5264 2.1708
0 3.5569 2.1233
0 3.5446 2.0816
0 3.5794 2.0347
0 3.5607 1.9418
0 3.5680 1.9059
0 3.5587 1.8869
0 3.5696 1.8580
0 3.5452 1.8199
0 3.5356 1.8021
0 3.5592 1.7736
0 3.5514 1.7426
0 3.5153 1.7292
0 3.5236 1.7056
0 3.5039 1.6910
0 3.5003 1.6831
0 3.4708 1.6926
0 3.4359 1.6966
0 3.4451 1.6964
0 3.4247 1.6981
0 3.3831 1.6990
0 3.3756 1.6968
0 3.3848 1.6813
0 3.3733 1.6610
0 3.3733 1.6244
0 3.3372 1.5886
0 3.3572 1.5312
0 3.3208 1.5035
0 3.3395 1.4738
0 3.3077 1.4519
0 3.3407 1.4127
0 3.3049 1.3925
0 3.2903 1.3390
0 3.2751 1.2854
0 3.2354 1.2540
0 3.2644 1.2582
0 3.1643 1.2666
0 3.2087 1.2667
0 3.1599 1.2037
0 3.0950 1.1858
0 3.0941 1.1047
0 2.9889 1.0865
0 2.9159 0.9221
0 2.9132 0.8872
0 2.9058 0.8643
0 2.9025 0.8331
0 2.8886 0.8127
0 2.8920 0.7969
0 2.8605 0.7866
0 2.8534 0.7784
0 2.8499 0.7730
0 2.8336 0.7682
0 2.8135 0.7583
0 2.7942 0.7486
0 2.7685 0.7290
0 2.7595 0.7271
0 2.7612 0.7186
0 2.7395 0.7023
0 2.7387 0.6937
0 2.7157 0.6858
0 2.7040 0.6702
0 2.7029 0.6558
0 2.6919 0.6361
0 2.6917 0.6047
0 2.6611 0.4883
0 2.6426 0.4167
0 2.6594 0.3865
0 2.6344 0.3576
0 2.6302 0.3454
0 2.6171 0.3380
0 2.6110 0.3252
0 2.5893 0.3122
0 2.6596 0.3291
0 2.6274 0.2878
0 2.6690 0.2667
0 2.6867 0.2287
0 2.6839 0.1802
0 2.6216 0.1132
0 2.5982 -0.1261
0 2.5948 -0.1382
0 2.5492 -0.1765
0 2.5139 -0.1868
0 2.4651 -0.1763
0 2.4689 -0.1789
0 2.4665 -0.1913
0 2.3823 -0.3581
0 2.3577 -0.3854
0 2.3744 -0.4139
0 2.3435 -0.4455
0 2.2894 -0.5720
0 2.2924 -0.5897
0 2.2693 -0.5940
0 2.2683 -0.5874
0 2.2606 -0.5922
0 2.2446 -0.5876
0 2.2265 -0.5909
0 2.2127 -0.6068
0 2.1836 -0.6360
0 2.1770 -0.6481
0 2.1655 -0.6557
0 2.1585 -0.6767
0 2.1341 -0.6999
0 2.1355 -0.7407
0 2.1063 -0.8042
0 2.0819 -0.8289
0 2.0600 -0.8881
0 2.0238 -0.9349
0 2.0162 -0.9538
0 2.0004 -0.9738
0 1.9984 -0.9959
0 1.9700 -1.0368
0 1.9660 -1.0598
0 1.9544 -1.0769
0 1.9372 -1.0777
0 1.9387 -1.0878
0 1.9305 -1.0825
0 1.9288 -1.0827
0 1.9209 -1.0867
0 1.9206 -1.0874
0 1.9042 -1.0818
0 1.9079 -1.0805
0 1.9028 -1.0685
0 1.8972 -1.0656
0 1.8936 -1.0722
0 1.8890 -1.0603
0 1.8903 -1.0638
0 1.8719 -1.1210
0 1.8462 -1.1465
0 1.8238 -1.1676
0 1.7961 -1.2192
0 1.7912 -1.2387
0 1.7481 -1.2859
0 1.7491 -1.3080
0 1.7338 -1.3081
0 1.7341 -1.3323
0 1.7224 -1.3405
0 1.6931 -1.3706
0 1.6932 -1.3803
0 1.6843 -1.3953
0 1.6762 -1.3954
0 1.6730 -1.4090
0 1.6536 -1.4321
0 1.6328 -1.4501
0 1.6074 -1.5018
0 1.5889 -1.5247
0 1.5136 -1.6128
0 1.5076 -1.6226
0 1.4822 -1.6467
0 1.4690 -1.6756
0 1.4587 -1.6879
0 1.4484 -1.7136
0 1.4329 -1.7153
0 1.4193 -1.7254
0 1.4191 -1.7494
0 1.4076 -1.7635
0 1.3758 -1.7647
0 1.3808 -1.7872
0 1.3381 -1.8255
0 1.3233 -1.8353
0 1.3078 -1.8592
0 1.2280 -1.9483
0 1.2185 -1.9503
0 1.1902 -1.9754
0 1.1807 -1.9999
0 1.1618 -2.0090
0 1.1412 -2.0338
0 1.1302 -2.0511
0 1.1113 -2.0427
0 1.1197 -2.0612
0 1.1209 -2.0662
0 1.1201 -2.0425
0 1.1214 -2.0545
0 1.1208 -2.0713
0 1.1322 -2.0517
0 1.1250 -2.0688
0 1.1217 -2.0989
0 1.1116 -2.0724
0 1.0836 -2.1160
0 1.0169 -2.1413
0 0.9940 -2.1825
0 0.9388 -2.1844
0 0.9154 -2.2098
0 0.8903 -2.2290
0 0.8642 -2.2605
0 0.8446 -2.2479
0 0.7893 -2.3025
0 0.7591 -2.2962
0 0.7500 -2.3392
0 0.7399 -2.3694
0 0.7421 -2.3638
0 0.8408 -2.1694
0 0.8527 -2.1664
0 0.9235 -2.1434
0 0.9392 -2.1418
0 0.9452 -2.1412
0 0.9504 -2.1459
0 0.9343 -2.1677
0 0.9018 -2.1721
0 0.8247 -2.2094
0 0.7917 -2.2269
0 0.7414 -2.2544
0 0.6893 -2.2694
0 0.6288 -2.2938
0 0.5648 -2.3210
0 0.4980 -2.3450
0 0.1907 -2.4315
0 0.1705 -2.4416
0 0.1442 -2.4532
0 0.1182 -2.4592
0 0.0915 -2.4674
0 0.0435 -2.4855
0 0.0218 -2.4936
0 0.0233 -2.6014
0 0.0360 -2.6412
0 0.0489 -2.6697
0 0.0621 -2.6931
0 0.0768 -2.7397
0 0.0831 -2.7442
0 0.0749 -2.7095
0 0.0706 -2.7540
0 0.0510 -2.7514
0 0.0457 -2.7870
0 0.0320 -2.7469
0 0.0401 -2.9872
0 0.1370 -2.8354
0 0.1877 -2.8156
0 0.2137 -2.7969
0 0.2619 -2.7660
0 0.2934 -2.7761
0 0.4342 -2.7274
0 0.4726 -2.7309
0 0.5207 -2.7046
0 0.6544 -2.6479
0 0.6972 -2.6263
0 0.7394 -2.5988
0 0.8270 -2.5600
0 0.8657 -2.5360
0 0.9055 -2.5005
0 0.9871 -2.4732
0 1.0220 -2.4425
0 1.0626 -2.4251
0 1.0934 -2.3861
0 1.1361 -2.3669
0 1.2147 -2.3001
0 1.2648 -2.2471
0 1.3122 -2.2084
0 1.3672 -2.1374
0 1.4814 -2.0021
0 1.5009 -1.9619
0 1.5362 -1.9290
0 1.5591 -1.8974
0 1.5815 -1.8436
0 1.6308 -1.7748
0 1.6472 -1.7150
0 1.6625 -1.6750
0 1.6950 -1.5950
0 1.7125 -1.5500
0 1.7362 -1.5148
0 1.7419 -1.4742
0 1.7669 -1.4242
0 1.7882 -1.3393
0 1.8027 -1.3063
0 1.8249 -1.2560
0 1.8496 -1.1196
0 1.8720 -1.0265
0 1.8803 -0.9817
0 1.8966 -0.9341
0 1.8988 -0.8951
0 1.9049 -0.8527
0 1.9027 -0.8074
0 1.9116 -0.7579
0 1.9180 -0.6899
0 1.9170 -0.6509
0 1.9210 -0.6013
0 1.8934 -0.2975
0 1.8863 -0.2582
0 1.8729 -0.2214
0 1.8608 -0.1859
0 1.8407 -0.1395
0 1.8215 -0.1030
0 1.8135 -0.0303
0 1.7958 0.0027
0 1.7867 0.0203
0 1.7672 0.0369
0 1.7550 0.0486
0 1.7312 0.0548
0 1.7248 0.0577
0 1.7010 0.0643
0 1.6711 0.0708
0 1.6582 0.0739
0 1.6281 0.0806
0 1.6029 0.0872
0 1.6067 0.0865
0 1.5666 0.0931
0 1.5653 0.0933
0 1.5597 0.0947
0 1.4513 0.1087
0 1.3855 0.1071
0 1.3193 0.1017
0 1.2569 0.1004
0 1.2237 0.0971
0 1.2088 0.0922
0 1.1541 0.0502
0 1.1283 0.0334
0 1.1066 0.0207
0 1.0920 0.0138
0 1.0739 0.0009
0 1.0562 -0.0064
0 1.0461 -0.0181
0 1.0342 -0.0281
0 1.0213 -0.0431
0 0.9983 -0.0568
0 0.9916 -0.0835
0 0.9763 -0.1010
0 0.9627 -0.1231
0 0.9399 -0.1461
0 0.9358 -0.1647
0 0.9190 -0.1893
0 0.8953 -0.2147
0 0.8751 -0.2392
0 0.8639 -0.2586
0 0.9797 -0.2842
0 0.9778 -0.3470
0 0.9546 -0.3688
0 0.9366 -0.4036
0 0.9163 -0.4255
0 0.9012 -0.4522
0 0.8835 -0.4728
0 0.8655 -0.5012
0 0.8374 -0.5218
0 0.8145 -0.5480
0 0.7975 -0.5607
0 0.7801 -0.5958
0 0.7486 -0.6149
0 0.7349 -0.6444
0 0.7034 -0.6606
0 0.6842 -0.6953
0 0.6656 -0.7096
0 0.6420 -0.7395
0 0.6159 -0.7621
0 0.5908 -0.7834
0 0.5699 -0.8080
0 0.5457 -0.8213
0 0.4918 -0.8624
0 0.4592 -0.8802
0 0.4418 -0.9040
0 0.4110 -0.9261
0 0.3283 -0.9809
0 0.3073 -1.0035
0 0.2534 -1.0272
0 0.2059 -0.9986
0 0.1939 -1.0186
0 0.1775 -1.0482
0 0.1631 -1.0713
0 0.1281 -1.1167
0 0.1120 -1.1475
0 0.0978 -1.1758
0 0.0783 -1.1929
0 0.0610 -1.2245
0 0.0450 -1.2551
0 0.0217 -1.9798
0 0.0350 -1.9815
0 0.0524 -2.0028
0 0.0658 -2.0123
0 0.1324 -2.0685
0 0.1507 -2.0830
0 0.1703 -2.0975
0 0.1848 -2.1037
0 0.2931 -2.1444
0 0.3708 -2.1600
0 0.4122 -2.1567
0 0.4485 -2.1642
0 0.5829 -2.1839
0 0.6237 -2.1908
0 0.7007 -2.1839
0 0.7496 -2.1774
0 0.7894 -2.1708
0 0.8302 -2.1682
0 0.9242 -2.1642
0 1.0142 -2.1499
0 1.1058 -2.1256
0 1.5456 -1.9877
0 1.5513 -1.9684
0 1.6432 -1.9414
0 1.6550 -1.9028
0 1.6959 -1.8876
0 1.8008 -1.8707
0 1.8244 -1.8561
0 1.8868 -1.8316
0 1.9056 -1.8263
0 1.9545 -1.8195
0 1.9299 -1.8197
0 1.9306 -1.8365
0 1.9319 -1.8593
0 1.9049 -1.8910
0 1.9325 -1.9235
0 1.8702 -1.9978
0 1.8240 -2.0268
0 1.8317 -2.0522
0 1.7826 -2.1100
0 1.7816 -2.1552
0 1.7533 -2.1684
0 1.7459 -2.2226
0 1.7071 -2.2406
0 1.7329 -2.3153
0 1.7497 -2.3202
0 1.8130 -2.3122
0 1.8092 -2.3339
0 1.8151 -2.3358
0 1.8161 -2.3466
0 1.8264 -2.3548
0 1.8326 -2.3563
0 1.8705 -2.3633
0 1.8609 -2.3849
0 1.8391 -2.3990
0 1.8218 -2.4384
0 1.7916 -2.4762
0 1.7781 -2.4979
0 1.7564 -2.5054
0 1.7610 -2.5316
0 1.7296 -2.5717
0 1.7163 -2.6137
0 1.6910 -2.6683
0 1.6951 -2.6611
0 1.6821 -2.6835
0 1.7362 -2.6807
0 1.7711 -2.6859
0 1.7873 -2.6712
0 1.8169 -2.6950
0 1.8269 -2.7296
0 1.8302 -2.7245
0 1.8380 -2.7221
0 1.8301 -2.7282
0 1.8474 -2.7457
0 1.8224 -2.7612
0 1.8049 -2.7867
0 1.7675 -2.8552
0 1.7359 -2.8793
0 1.7123 -2.9146
0 1.6835 -2.9330
0 1.6759 -2.9442
0 1.6680 -2.9559
0 1.6542 -2.9964
0 1.6242 -3.0179
0 1.6163 -3.0301
0 1.6219 -3.0351
0 1.6197 -3.0317
0 1.6645 -3.0466
0 1.6741 -3.0331
0 1.7032 -3.0332
0 1.7115 -3.0392
0 1.7302 -3.0381
0 1.7353 -3.0514
0 1.7510 -3.0421
0 1.7614 -3.0577
0 1.7758 -3.0612
0 1.7993 -3.0826
0 1.8337 -3.0818
0 1.8476 -3.0794
0 1.8526 -3.0842
0 1.8654 -3.0906
0 1.8784 -3.1020
0 1.8382 -3.1628
0 1.7986 -3.1897
0 1.7421 -3.2155
0 1.6057 -3.3135
0 1.5173 -3.3527
0 1.4280 -3.3863
0 1.2502 -3.4827
0 0.8761 -3.6444
0 0.7798 -3.6785
0 0.5846 -3.7587
0 0.4927 -3.7873
0 0.3910 -3.8173
0 0.2888 -3.8381
0 0.2203 -3.8646
0 0.1253 -3.9224
0 0.0806 -3.9293
0 0.0360 -4.0296
0 0.0583 -4.3330
0 0.7507 -4.2754
0 0.8536 -4.2403
0 0.9436 -4.2328
0 1.0415 -4.1928
0 1.1538 -4.1905
0 1.2481 -4.1623
0 1.3482 -4.1392
0 1.4589 -4.1133
0 1.7561 -4.0098
0 1.8607 -3.9725
0 1.9482 -3.9345
0 2.0372 -3.8876
0 2.2231 -3.7955
0 2.3299 -3.7424
0 2.4038 -3.6944
0 2.5061 -3.6419
0 2.6946 -3.5156
0 2.8982 -3.3864
0 2.9716 -3.3180
0 3.0547 -3.2432
0 3.1346 -3.1678
0 3.2325 -3.0902
0 3.6193 -2.6744
0 3.7663 -2.4981
0 3.8426 -2.3985
0 3.9045 -2.3268
0 4.0142 -2.1071
0 4.0795 -2.0040
0 4.1367 -1.9012
0 4.1753 -1.7915
0 4.3478 -1.3490
0 4.3863 -1.2376
0 4.4090 -1.1194
0 4.4340 -1.0046
0 4.4565 -0.8857
0 4.4729 -0.7570
0 4.4875 -0.6387
0 4.5131 -0.5202
0 4.5503 -0.1578
0 4.5587 0.2075
0 4.5552 0.3203
0 4.5559 0.4438
0 4.5309 0.5531
0 4.5269 0.6685
0 4.4985 0.7758
0 4.4557 1.0238
0 4.4389 1.1358
0 4.3998 1.2377
0 4.3950 1.3700
0 4.3449 1.4817
0 4.3251 1.5801
0 4.2794 1.7022
0 4.2485 1.7969
0 4.2019 1.9713
0 4.1700 2.0518
0 4.1463 2.1110
0 4.1062 2.1672
0 4.1084 2.2306
0 4.0452 2.3324
0 4.0318 2.3795
0 4.0332 2.4220
0 4.0181 2.4311
0 4.0026 2.4598
0 3.9864 2.4750
0 3.9668 2.5555
0 3.9421 2.5922
0 3.9472 2.6207
0 3.9263 2.6249
0 3.9240 2.6560
0 3.9269 2.6752
0 3.9124 2.6696
0 3.9179 2.7012
0 3.8869 2.7063
0 3.8994 2.7192
0 3.8886 2.7255
0 3.8817 2.7296
0 3.8871 2.7434
0 3.8796 2.7632
0 3.8669 2.7890
0 3.8556 2.7838
0 3.8607 2.7830
0 3.8611 2.7856
0 3.8480 2.7989
0 3.8339 2.8275
0 3.8360 2.8170
0 3.8342 2.8131
0 3.8238 2.8324
0 3.8058 2.8272
0 3.8123 2.8478
0 3.8015 2.8352
0 3.7963 2.8620
0 3.7925 2.8642
0 3.7646 2.8699
0 3.7637 2.8836
0 3.7545 2.8863
0 3.7528 2.8799
0 3.7332 2.8888
0 3.7258 2.8994
0 3.7172 2.8827
0 3.7275 2.9061
0 3.7189 2.8956
0 3.7081 2.8982
0 3.6925 2.9093
0 3.7006 2.9109
0 3.6821 2.8944
0 3.6869 2.9116
0 3.6668 2.9118
0 3.6713 2.9108
0 3.6585 2.9047
0 3.6503 2.9169
0 3.6456 2.9237
0 3.6467 2.9163
0 3.6322 2.9051
0 3.6451 2.8931
0 3.6377 2.8869
0 3.6333 2.8745
0 3.6156 2.8710
0 3.6270 2.8785
0 3.6161 2.8743
0 3.6098 2.8548
0 3.6230 2.8697
0 3.6063 2.8339
0 3.5937 2.8286
0 3.6061 2.8301
0 3.6008 2.8216
0 3.5876 2.7892
0 3.5831 2.7865
0 3.5735 2.7723
0 3.5731 2.7811
0 3.5756 2.7551
0 3.5612 2.7341
0 3.5519 2.7327
0 3.5581 2.7378
0 3.5580 2.7233
0 3.5501 2.7101
0 3.5433 2.6996
0 3.5359 2.6859
0 3.5210 2.6598
0 3.5195 2.6424
0 3.5170 2.6500
0 3.4925 2.5767
0 3.4841 2.5723
0 3.4907 2.5772
0 3.4740 2.5562
0 3.4721 2.5403
0 3.4642 2.5304
0 3.4684 2.5225
0 3.4675 2.5235
0 3.4560 2.5207
0 3.4517 2.4989
0 3.4395 2.4894
0 3.4214 2.4707
0 3.4341 2.4577
0 3.4328 2.4518
0 3.4253 2.4561
0 3.4085 2.4423
0 3.3992 2.4129
0 3.3961 2.3972
0 3.3863 2.3764
0 3.3699 2.3414
0 3.3724 2.3386
0 3.3632 2.3269
0 3.3382 2.2615
0 3.3281 2.2427
0 3.3128 2.2246
0 3.3169 2.2021
0 3.2930 2.1920
0 3.3014 2.1570
0 3.2794 2.1294
0 3.2671 2.1274
0 3.2453 2.1006
0 3.2669 2.0985
0 3.2574 2.0734
0 3.2504 2.0689
0 3.2328 2.0480
0 3.2236 2.0316
0 3.2264 2.0296
0 3.2067 1.9896
0 3.2006 1.9686
0 3.1855 1.9370
0 3.1834 1.9360
0 3.1882 1.9306
0 3.1737 1.9156
0 3.1610 1.8991
0 3.1711 1.8774
0 3.1453 1.8777
0 3.1548 1.8486
0 3.1402 1.8464
0 3.1395 1.8236
0 3.1285 1.8017
0 3.1153 1.7807
0 3.1058 1.7803
0 3.0991 1.7648
0 3.0892 1.7518
0 3.0757 1.7438
0 3.0415 1.7439
0 3.0168 1.7598
0 2.9834 1.7727
0 2.9532 1.7979
0 2.8998 1.8098
0 2.8743 1.8384
0 2.8228 1.8543
0 2.7762 1.8972
0 2.7331 1.9174
0 2.6403 1.9868
0 2.6011 2.0159
0 2.4965 2.0470
0 2.4782 2.0557
0 2.4219 2.0403
0 2.3994 2.0385
0 2.3675 2.0331
0 2.3487 2.0318
0 2.3353 2.0284
0 2.3016 1.9396
0 2.3006 1.9197
0 2.2756 1.8713
0 2.2786 1.8494
0 2.2393 1.8093
0 2.2271 1.8018
0 2.1956 1.7856
0 2.1867 1.7810
0 2.1574 1.7805
0 2.1391 1.7545
0 2.1208 1.7471
0 2.0938 1.7353
0 2.0848 1.7149
0 2.0666 1.6968
0 2.0504 1.6778
0 2.0187 1.6664
0 2.0148 1.6380
0 1.9910 1.6310
0 1.9832 1.6108
0 1.9726 1.6030
0 1.9444 1.5682
0 1.9377 1.5457
0 1.9244 1.5153
0 1.9229 1.4970
0 1.8856 1.4268
0 1.8751 1.3994
0 1.8638 1.3776
0 1.8421 1.3676
0 1.8141 1.3522
0 1.7923 1.3410
0 1.7718 1.3425
0 1.7472 1.3365
0 1.7258 1.3356
0 1.6916 1.3243
0 1.6012 1.2978
0 1.5458 1.2822
0 1.5195 1.2756
0 1.5105 1.2644
0 1.4833 1.2492
0 1.4680 1.2330
0 1.4475 1.2160
0 1.4320 1.1538
0 1.4214 1.1169
0 1.4040 1.0864
0 1.4032 1.0462
0 1.3830 0.9933
0 1.3710 0.9521
0 1.3432 0.8905
0 1.3316 0.8539
0 1.2628 0.6923
0 1.2235 0.6359
0 1.1740 0.5451
0 1.1521 0.5109
0 1.1362 0.4818
0 1.1180 0.4552
0 1.0915 0.4256
0 1.0789 0.3903
0 1.0676 0.3602
0 1.0365 0.3322
0 1.0134 0.3071
0 1.0024 0.2775
0 0.9743 0.2512
0 0.9455 0.2277
0 0.9227 0.1959
0 0.9003 0.1700
0 0.8342 0.0910
0 0.7972 0.0616
0 0.7499 0.0122
0 0.7281 -0.0121
0 0.6993 -0.0351
0 0.6712 -0.0603
0 0.6358 -0.0841
0 0.6124 -0.1052
0 0.5861 -0.1321
0 0.5507 -0.1556
0 0.5210 -0.1755
0 0.5022 -0.1991
0 0.4546 -0.2153
0 0.4284 -0.1672
0 0.3987 -0.1322
0 0.3712 -0.1572
0 0.3617 -0.1724
0 0.3436 -0.1912
0 0.3213 -0.2093
0 0.3060 -0.2238
0 0.2895 -0.2338
0 0.2859 -0.2473
0 0.2735 -0.2600
0 0.2577 -0.2693
0 0.2450 -0.2917
0 0.2346 -0.2981
0 0.2202 -0.3121
0 0.2061 -0.3283
0 0.1887 -0.3336
0 0.1798 -0.3494
0 0.1605 -0.3685
0 0.1509 -0.3836
0 0.1450 -0.3904
0 0.1327 -0.3936
0 0.2343 -0.3951
0 0.2415 -0.4035
0 0.2353 -0.4360
0 0.2316 -0.4514
0 0.2170 -0.4597
0 0.2303 -0.4993
0 0.2180 -0.5075
0 0.2082 -0.5133
0 0.2041 -0.5268
0 0.1981 -0.5422
0 0.1937 -0.5622
0 0.1819 -0.5649
0 0.1768 -0.5757
0 0.1709 -0.5991
0 0.1641 -0.6101
0 0.1537 -0.6176
0 0.1479 -0.6331
0 0.1316 -0.6441
0 0.0861 -0.7352
0 0.0234 -2.1025
0 0.0368 -2.0972
0 0.0605 -2.1929
0 0.0702 -2.1265
0 0.0973 -2.2297
0 0.1157 -2.2649
0 0.1466 -2.3340
0 0.1589 -2.4026
0 0.1558 -2.3832
0 0.1488 -2.4419
0 0.1289 -2.4981
0 0.0658 -2.5689
0 0.0536 -2.5705
0 0.0495 -2.6294
0 0.0249 -2.6802
0 0.1325 -4.8704
0 0.1862 -4.8552
0 0.2525 -4.8463
0 0.3728 -4.8492
0 0.4852 -4.7912
0 0.7349 -4.7706
0 0.8481 -4.7376
0 0.9722 -4.7063
0 1.0930 -4.6969
0 1.5456 -4.5044
0 1.6561 -4.4645
0 1.7807 -4.4275
0 1.8911 -4.3605
0 2.2213 -4.2202
0 2.4207 -4.1089
0 2.4993 -4.0271
0 2.6362 -3.9659
0 2.7098 -3.9056
0 2.7956 -3.8303
0 3.1552 -3.5233
0 3.3369 -3.3500
0 3.5875 -3.1049
0 3.7316 -2.9056
0 3.7993 -2.8195
0 3.8435 -2.7159
0 3.9330 -2.6146
0 4.0781 -2.3279
0 4.1340 -2.2255
0 4.1722 -2.1222
0 4.2312 -2.0330
0 4.3146 -1.7117
0 4.3792 -1.5716
0 4.3989 -1.4551
0 4.4487 -1.2356
0 4.4527 -1.1349
0 4.4581 -1.0144
0 4.4805 -0.7925
0 4.4900 -0.5736
0 4.4636 -0.3731
0 4.4687 -0.2529
0 4.4600 -0.1333
0 4.4456 -0.0345
0 4.4326 0.0633
0 4.4204 0.1821
0 4.4060 0.2901
0 4.3524 0.4917
0 4.2987 0.7136
0 4.2515 0.8037
0 4.2151 0.9169
0 4.1680 1.0057
0 4.1136 1.1077
0 4.0796 1.2126
0 4.0146 1.3023
0 3.9728 1.3982
0 3.9300 1.4825
0 3.8256 1.6238
0 3.7025 1.7868
0 3.5407 2.0131
0 3.4775 2.0945
0 3.3042 2.2933
0 3.2321 2.3654
0 3.0334 2.5591
0 2.8653 2.6984
0 2.7934 2.7412
0 2.7080 2.8171
0 2.6388 2.8521
0 2.5069 2.9389
0 2.4394 2.9960
0 2.3937 3.0396
0 2.3518 3.0681
0 2.2133 3.1194
0 2.1668 3.1441
0 2.1349 3.1515
0 2.1062 3.1637
0 2.0966 3.1386
0 2.0929 3.1256
0 2.0902 3.0924
0 2.0786 3.0820
0 2.0869 3.0792
0 2.0834 3.0666
0 2.0717 3.0288
0 2.0569 3.0234
0 2.0639 3.0191
0 2.0567 2.9851
0 2.0514 2.9786
0 2.0555 2.9717
0 2.0532 2.9662
0 2.0478 2.9407
0 2.0493 2.9302
0 2.0393 2.9249
0 2.0480 2.9147
0 2.0355 2.8820
0 2.0321 2.8434
0 2.0314 2.8335
0 2.0227 2.8304
0 2.0121 2.8147
0 2.0146 2.7902
0 2.0093 2.7773
0 2.0152 2.7806
0 2.0038 2.7779
0 2.0060 2.7523
0 1.9942 2.7384
0 1.9980 2.7337
0 1.9902 2.7107
0 1.9972 2.6990
0 1.9877 2.6742
0 1.9843 2.6746
0 1.9790 2.6542
0 1.9798 2.6549
0 1.9787 2.6372
0 1.9738 2.6200
0 1.9651 2.6043
0 1.9705 2.5937
0 1.9702 2.5723
0 1.9593 2.5626
0 1.9534 2.5554
0 1.9478 2.5301
0 1.9532 2.5198
0 1.9327 2.4919
0 1.9315 2.4529
0 1.9372 2.4067
0 1.9275 2.4098
0 1.9123 2.3605
0 1.8965 2.3454
0 1.8874 2.3255
0 1.8764 2.3113
0 1.8690 2.2795
0 1.8596 2.2479
0 1.8520 2.1968
0 1.8631 2.1662
0 1.8691 2.1208
0 1.8903 2.0682
0 1.9017 2.0111
0 1.9258 1.9443
0 1.9845 1.7620
0 1.9946 1.7082
0 2.0205 1.6323
0 2.0103 1.5656
0 2.0263 1.5089
0 2.0326 1.4442
0 2.0390 1.3774
0 2.0517 1.2600
0 2.0510 1.2068
0 2.0417 1.1543
0 2.0367 1.0985
0 2.0122 0.9982
0 2.0133 0.9467
0 1.9958 0.8976
0 1.9779 0.8611
0 1.9603 0.8283
0 1.8959 0.7755
0 1.8676 0.7808
0 1.8426 0.7638
0 1.8048 0.7486
0 1.7736 0.7297
0 1.7731 0.7105
0 1.7592 0.6813
0 1.7032 0.6118
0 1.6911 0.5808
0 1.6558 0.5485
0 1.6455 0.5125
0 1.6258 0.4807
0 1.5956 0.4497
0 1.5860 0.4257
0 1.5603 0.3913
0 1.5423 0.3646
0 1.5069 0.3335
0 1.4914 0.3062
0 1.4719 0.2780
0 1.4442 0.2461
0 1.4275 0.2187
0 1.4004 0.1949
0 1.3794 0.1693
0 1.3452 0.1392
0 1.3217 0.1146
0 1.2927 0.0870
0 1.2503 0.0368
0 1.2338 0.0152
0 1.2035 -0.0095
0 1.1701 -0.0364
0 1.1353 -0.0573
0 1.1168 -0.0822
0 1.0821 -0.1008
0 1.0669 -0.1222
0 1.0205 -0.1480
0 0.9937 -0.1662
0 0.9661 -0.1959
0 0.9103 -0.2331
0 0.8811 -0.2491
0 0.8432 -0.2705
0 0.8090 -0.2922
0 0.7854 -0.3114
0 0.7512 -0.3253
0 0.6927 -0.3553
0 0.6622 -0.3755
0 0.6319 -0.3886
0 0.5944 -0.4034
0 0.5726 -0.4206
0 0.5263 -0.4302
0 0.5014 -0.4431
0 0.4671 -0.4482
0 0.4286 -0.4628
0 0.3892 -0.4691
0 0.3655 -0.4840
0 0.3320 -0.4389
0 0.2927 -0.3324
0 0.2629 -0.3413
0 0.1882 -0.3529
0 0.1768 -0.3661
0 0.1541 -0.3628
0 0.1432 -0.3601
0 0.1218 -0.3725
0 0.1086 -0.3697
0 0.0920 -0.3720
0 0.0757 -0.3763
0 0.0627 -0.1563
0 0.0513 -0.3811
0 0.0429 -0.3819
0 0.0339 -0.3891
0 0.0599 -0.5404
0 0.0542 -0.5584
0 0.0470 -0.5691
0 0.0369 -0.5784
0 0.0208 -0.6887
0 0.0099 -0.7157
