0 3.29916 -0.282969
0 3.29787 -0.280818
0 3.29961 -0.280175
0 3.29822 -0.279378
0 3.30074 -0.279739
0 3.29873 -0.279801
0 3.29835 -0.279449
0 3.29769 -0.279175
0 3.29749 -0.279497
0 3.29918 -0.279681
0 3.29845 -0.279799
0 3.29633 -0.281917
0 3.29766 -0.280204
0 3.29704 -0.282104
0 3.29739 -0.280696
0 3.29815 -0.282534
0 3.29845 -0.282971
0 3.29731 -0.280529
0 3.30139 -0.280703
0 3.29918 -0.2822
0 3.29918 -0.280721
0 3.29929 -0.28023
0 3.29788 -0.279379
0 3.29423 -0.278728
0 3.29655 -0.279232
0 3.29716 -0.281451
0 3.29607 -0.27986
0 3.29866 -0.280039
0 3.29978 -0.279759
0 3.29828 -0.279679
0 3.29813 -0.281774
0 3.29845 -0.280445
0 3.29845 -0.279439
0 3.29763 -0.279236
0 3.30396 -0.283176
0 3.30104 -0.281107
0 3.29723 -0.280064
0 3.29934 -0.279598
0 3.29841 -0.279479
0 3.29807 -0.281624
0 3.30033 -0.28064
0 3.29543 -0.282297
0 3.29664 -0.280692
0 3.29886 -0.280232
0 3.2962 -0.282131
0 3.29817 -0.280541
0 3.29552 -0.281851
0 3.29574 -0.280348
0 3.29961 -0.280402
0 3.29673 -0.279799
0 3.29766 -0.279844
0 3.29966 -0.282822
0 3.29311 -0.282332
0 3.29648 -0.280033
0 3.29634 -0.281936
0 3.296 -0.282217
0 3.29501 -0.282914
0 3.29663 -0.280756
0 3.29789 -0.280193
0 3.30154 -0.283128
0 3.30027 -0.280722
0 3.29652 -0.281647
0 3.29787 -0.280531
0 3.29948 -0.280107
0 3.2984 -0.282422
0 3.29465 -0.280473
0 3.29684 -0.279593
0 3.29615 -0.281616
0 3.29876 -0.280062
0 3.29564 -0.279285
0 3.29923 -0.279895
0 3.29706 -0.279312
0 3.29877 -0.279705
0 3.29779 -0.279834
0 3.29711 -0.279246
0 3.29707 -0.279659
0 3.29565 -0.279121
0 3.29784 -0.279529
0 3.29797 -0.279217
0 3.2988 -0.279524
0 3.29698 -0.279077
0 3.29811 -0.279476
0 3.29681 -0.279458
0 3.29758 -0.279316
0 3.2984 -0.279279
0 3.29517 -0.281152
0 3.29726 -0.280237
0 3.3002 -0.280208
0 3.29663 -0.279402
0 3.29903 -0.279573
0 3.29587 -0.279077
0 3.29715 -0.279016
0 3.29952 -0.279738
0 3.29713 -0.279365
0 3.2951 -0.281551
0 3.29659 -0.279948
0 3.29565 -0.28175
0 3.29717 -0.283222
0 3.29543 -0.283197
0 3.29428 -0.280789
0 3.29954 -0.280694
0 3.29618 -0.279655
0 3.29918 -0.279845
0 3.29789 -0.279495
0 3.30004 -0.27995
0 3.29921 -0.279946
0 3.30165 -0.28293
0 3.30039 -0.280433
0 3.29802 -0.282523
0 3.29849 -0.283742
0 3.30146 -0.281607
0 3.30076 -0.282985
0 3.30296 -0.281541
0 3.29895 -0.282688
0 3.30002 -0.280774
0 3.29626 -0.280054
0 3.29495 -0.281382
0 3.29566 -0.280033
0 3.29659 -0.279649
0 3.29551 -0.279462
0 3.29757 -0.279534
0 3.29658 -0.279445
0 3.29608 -0.278891
0 3.29679 -0.278728
0 3.29763 -0.278882
0 3.29596 -0.279029
0 3.29358 -0.278991
0 3.28627 -0.2835
0 3.27253 -0.286523
0 3.2613 -0.292502
0 3.2442 -0.297898
0 3.22569 -0.323945
0 3.21175 -0.343127
0 3.19132 -0.375644
0 3.17551 -0.397138
0 3.15604 -0.432282
0 3.13826 -0.453176
0 3.11895 -0.487279
0 3.09735 -0.539248
0 2.98685 -0.802111
0 2.93314 -0.945044
0 2.87984 -1.05874
0 2.80369 -1.17483
0 2.75817 -1.25799
0 2.69571 -1.34838
0 2.65638 -1.39244
0 2.60282 -1.4688
0 2.55515 -1.52636
0 2.51176 -1.57087
0 2.47344 -1.5964
0 2.41926 -1.65313
0 2.39461 -1.6513
0 2.3702 -1.67076
0 2.33804 -1.68118
0 2.31895 -1.67388
0 2.30977 -1.64396
0 2.30375 -1.61961
0 2.3085 -1.57667
0 2.31835 -1.52386
0 2.35014 -1.40366
0 2.35368 -1.3474
0 2.36059 -1.29485
0 2.36735 -1.2449
0 2.36727 -1.21611
0 2.36886 -1.16758
0 2.37084 -1.12319
0 2.36943 -1.10066
0 2.3606 -1.08353
0 2.34177 -1.07657
0 2.321 -1.07401
0 2.27039 -1.07177
0 2.23821 -1.08126
0 2.21108 -1.09261
0 2.12155 -1.16457
0 2.07989 -1.19022
0 2.04724 -1.20209
0 2.01735 -1.2065
0 1.97602 -1.20207
0 1.95178 -1.19792
0 1.93848 -1.19555
0 1.91822 -1.19007
0 1.90378 -1.18441
0 1.89189 -1.17921
0 1.88653 -1.15965
0 1.87116 -1.12466
0 1.86022 -1.10974
0 1.84587 -1.10055
0 1.83719 -1.09461
0 1.81822 -1.09116
0 1.80227 -1.08949
0 1.76136 -1.08667
0 1.7384 -1.087
0 1.70955 -1.08454
0 1.67451 -1.08804
0 1.64659 -1.08732
0 1.63079 -1.09021
0 1.59112 -1.09844
0 1.53782 -1.1279
0 1.50497 -1.14078
0 1.46672 -1.17205
0 1.44009 -1.18688
0 1.38192 -1.2035
0 1.3486 -1.20781
0 1.32331 -1.21107
0 1.25831 -1.2605
0 1.20894 -1.28288
0 1.16519 -1.2991
0 1.13897 -1.30691
0 1.09035 -1.31387
0 1.05715 -1.31705
0 1.03628 -1.31708
0 1.01538 -1.32228
0 0.992585 -1.32602
0 0.959821 -1.32813
0 0.917159 -1.3756
0 0.882126 -1.36987
0 0.849487 -1.3967
0 0.780258 -1.41087
0 0.744249 -1.41198
0 0.702474 -1.41158
0 0.664761 -1.41763
0 0.633902 -1.4199
0 0.61224 -1.42309
0 0.592063 -1.44147
0 0.55901 -1.45092
0 0.610253 -1.35997
0 0.444737 -1.43089
0 0.43854 -1.39161
0 0.428922 -1.37721
0 0.43461 -1.37134
0 0.432081 -1.37031
0 0.397114 -1.39289
0 0.431481 -1.39659
0 0.465681 -1.39733
0 0.463675 -1.39221
0 0.374392 -1.34258
0 0.355792 -1.3233
0 0.345166 -1.33243
0 0.49964 -1.41269
0 0.528611 -1.44071
0 0.511299 -1.45604
0 0.495502 -1.46304
0 0.465356 -1.48741
0 0.437302 -1.49871
0 0.352304 -1.51186
0 0.308059 -1.51497
0 0.288492 -1.54652
0 0.267114 -1.5569
0 0.252746 -1.57127
0 0.23517 -1.60086
0 0.205491 -1.61908
0 0.184555 -1.63292
0 0.165092 -1.6626
0 0.152872 -1.68204
0 0.239877 -1.60403
0 3.24149 -3.26124
0 4.37629 -3.87527
0 4.79474 -4.09653
0 4.95445 -4.1716
0 5.00589 -4.18293
0 5.01549 -4.18412
0 5.00803 -4.16721
0 5.01738 -4.13263
0 5.01484 -4.0872
0 4.99501 -4.06053
0 4.98466 -4.04118
0 4.96584 -4.01684
0 4.95254 -3.99467
0 4.94515 -3.97644
0 4.93126 -3.95946
0 4.93025 -3.89918
0 4.92464 -3.86792
0 4.9154 -3.83982
0 4.90116 -3.8201
0 4.88869 -3.80438
0 4.91173 -3.75871
0 4.91188 -3.7357
0 4.89287 -3.72133
0 4.88505 -3.70394
0 4.87841 -3.69543
0 4.86873 -3.68404
0 4.85777 -3.67734
0 4.85705 -3.66304
0 4.84102 -3.64858
0 4.83922 -3.63738
0 4.83761 -3.59778
0 4.83731 -3.56221
0 4.83482 -3.54027
0 4.82474 -3.4875
0 4.83681 -3.46366
0 4.82774 -3.44366
0 4.81816 -3.4333
0 4.81441 -3.42783
0 4.80714 -3.40742
0 4.81696 -3.36038
0 4.8148 -3.32863
0 4.80533 -3.26414
0 4.80918 -3.23693
0 4.80489 -3.22224
0 4.80251 -3.21609
0 4.79763 -3.19792
0 4.7878 -3.18724
0 4.80491 -3.15036
0 4.80861 -3.12765
0 4.80269 -3.11492
0 4.78968 -3.09802
0 4.78826 -3.0786
0 4.79369 -3.03284
0 4.78344 -3.00224
0 4.78716 -2.92807
0 4.77328 -2.89859
0 4.77147 -2.88372
0 4.76888 -2.87169
0 4.77421 -2.83272
0 4.78003 -2.80771
0 4.77476 -2.79792
0 4.77902 -2.79034
0 4.77008 -2.77269
0 4.77406 -2.75644
0 4.77628 -2.73056
0 4.78044 -2.70825
0 4.77411 -2.69323
0 4.76328 -2.68108
0 4.75827 -2.67352
0 4.77814 -2.63689
0 4.7615 -2.62367
0 4.68614 -2.68002
0 4.52182 -2.83692
0 4.36737 -2.97984
0 4.25382 -3.10161
0 3.90314 -3.41711
0 3.73665 -3.55165
0 3.61939 -3.65805
0 3.53206 -3.7058
0 3.45402 -3.77239
0 3.3861 -3.8087
0 3.34242 -3.81948
0 3.29996 -3.82634
0 3.2843 -3.82002
0 3.26258 -3.75318
0 3.25893 -3.71179
0 3.32268 -3.56912
0 3.38219 -3.44329
0 3.41755 -3.37707
0 3.43617 -3.29988
0 3.43103 -3.2635
0 3.41081 -3.24887
0 3.37334 -3.24464
0 3.34486 -3.23753
0 3.3358 -3.1786
0 3.32414 -3.14022
0 3.32153 -3.06946
0 3.31287 -3.03585
0 3.29238 -3.01778
0 3.27798 -3.01344
0 3.17807 -2.95068
0 3.13985 -2.92036
0 3.10774 -2.85018
0 3.09675 -2.82303
0 3.08544 -2.80595
0 3.10912 -2.73854
0 3.14327 -2.64496
0 3.14835 -2.59822
0 3.1696 -2.51585
0 3.17934 -2.43023
0 3.18132 -2.38912
0 3.1871 -2.36924
0 3.1928 -2.31226
0 3.17983 -2.27871
0 3.17914 -2.13823
0 3.19351 -2.07389
0 3.20009 -2.00483
0 3.20155 -1.97093
0 3.19563 -1.95014
0 3.18967 -1.90182
0 3.17833 -1.88585
0 3.16412 -1.88481
0 3.1344 -1.88576
0 3.11666 -1.89121
0 3.09419 -1.88969
0 3.04847 -1.88787
0 2.96508 -1.88552
0 2.91738 -1.88248
0 2.89921 -1.83978
0 2.88295 -1.79968
0 2.88844 -1.73953
0 2.88222 -1.65059
0 2.87729 -1.60841
0 2.86415 -1.53181
0 2.85474 -1.48996
0 2.83635 -1.42172
0 2.81395 -1.37787
0 2.78785 -1.3147
0 2.76665 -1.28667
0 2.75939 -1.27378
0 2.74901 -1.26558
0 2.73159 -1.21714
0 2.70697 -1.18502
0 2.67103 -1.11885
0 2.63561 -1.03814
0 2.61317 -0.996134
0 2.57925 -0.908548
0 2.54962 -0.871783
0 2.4989 -0.791936
0 2.43684 -0.762663
0 2.38329 -0.760001
0 2.29082 -0.709715
0 2.23324 -0.676525
0 2.12599 -0.455895
0 2.06069 -0.322662
0 2.02763 -0.267076
0 1.99555 -0.197417
0 1.97981 -0.170185
0 1.9687 -0.155487
0 2.41158 -0.792236
0 2.60643 -0.969266
0 2.68258 -1.01941
0 2.74309 -0.978969
0 2.7684 -0.892107
0 2.86227 -0.757294
0 2.89437 -0.57314
0 2.90618 -0.441471
0 2.90064 -0.280727
0 1.36781 -2.9858
0 0.865738 -3.98592
0 0.775705 -4.36176
0 0.964518 -4.41508
0 1.26865 -4.35624
0 1.59655 -4.24556
0 1.96442 -4.07098
0 2.19435 -3.9153
0 2.39096 -3.79124
0 2.57537 -3.62713
0 2.71829 -3.51506
0 2.83742 -3.41851
0 2.9542 -3.2929
0 3.18499 -3.07042
0 3.37399 -2.85132
0 3.48336 -2.6866
0 3.59596 -2.49604
0 3.75213 -2.26376
0 3.85097 -2.10592
0 3.95215 -1.89711
0 4.06395 -1.65409
0 4.12762 -1.49331
0 4.25657 -1.08869
0 4.33212 -0.865756
0 4.44162 -0.534793
0 4.46988 -0.319485
0 4.49438 -0.166647
0 4.53625 -0.0652911
0 2.59246 -0.0398648
0 1.84308 -0.0414052
0 1.56405 -0.0492903
0 1.44752 -0.061362
0 1.40242 -0.0759056
0 1.38405 -0.0929999
0 1.39515 -0.114137
0 1.3515 -0.16573
0 1.32947 -0.197342
0 1.31369 -0.220768
0 1.30878 -0.236934
0 1.30733 -0.251013
0 1.30782 -0.268926
0 1.26061 -0.327533
0 1.23373 -0.365326
0 1.22452 -0.387417
0 1.23199 -0.427263
0 1.24011 -0.445716
0 1.26335 -0.461046
0 1.27115 -0.472987
0 1.18826 -0.513016
0 1.17634 -0.560787
0 1.103 -0.614527
0 1.08744 -0.662953
0 1.09493 -0.703256
0 1.04956 -0.767556
0 0.978293 -0.842169
0 0.968059 -0.8968
0 0.971399 -0.927411
0 0.925688 -1.00257
0 0.917089 -1.03781
0 0.841126 -1.08221
0 0.819911 -1.09887
0 0.825551 -1.13507
0 0.830587 -1.15319
0 0.759268 -1.19116
0 0.751224 -1.23761
0 0.691152 -1.26769
0 0.652998 -1.30725
0 0.587937 -1.37956
0 0.552374 -1.40481
0 0.552443 -1.44475
0 0.503717 -1.46816
0 0.462102 -1.49952
0 0.448019 -1.52339
0 0.387933 -1.57177
0 0.353646 -1.60431
0 0.32826 -1.61554
0 0.31695 -1.64783
0 0.261531 -1.68856
0 0.182991 -1.72123
0 0.145586 -2.2173
0 0.166961 -2.39993
0 0.201482 -2.44494
0 0.246659 -2.41544
0 0.310791 -2.24344
0 0.208159 -2.23442
0 0.154501 -2.23907
0 0.122342 -2.23711
0 0.099719 -2.23615
0 2.90968 -4.98392
0 4.06038 -5.93462
0 4.56704 -6.2053
0 5.06086 -5.93756
0 5.32699 -5.72698
0 5.5632 -5.44135
0 5.7271 -5.17999
0 5.92088 -4.86805
0 6.02664 -4.64813
0 6.16036 -4.34667
0 6.39555 -3.90672
0 6.5457 -3.60785
0 6.65618 -3.26918
0 6.72606 -3.01761
0 6.76505 -2.80203
0 6.83366 -2.60681
0 6.86831 -2.41019
0 6.93236 -2.22851
0 7.01095 -1.47942
0 5.86413 -0.458107
0 5.40507 -0.0880388
0 5.20229 0.0352805
0 5.12415 0.0455274
0 5.08511 0.0267354
0 5.0607 0.00139977
0 5.05638 -0.0473519
0 4.99847 -0.0577551
0 5.00759 -0.113451
0 4.98107 -0.167067
0 4.94864 -0.193401
0 4.96479 -0.254142
0 4.91289 -0.268468
0 4.91819 -0.312563
0 4.90577 -0.399732
0 4.89237 -0.444732
0 4.86209 -0.475357
0 4.84807 -0.498666
0 4.82337 -0.535773
0 4.85477 -0.577386
0 4.82674 -0.613344
0 4.83824 -0.657941
0 4.82862 -0.69874
0 4.76462 -0.697905
0 4.79179 -0.729773
0 4.80395 -0.756239
0 4.78558 -0.768409
0 4.76156 -0.774502
0 4.73001 -0.815938
0 4.73307 -0.852955
0 4.73901 -0.880812
0 4.72709 -0.889163
0 4.71517 -0.900007
0 4.71908 -0.910554
0 4.69796 -0.918321
0 4.67485 -0.919365
0 4.66484 -0.948886
0 4.71047 -0.989663
0 4.70699 -0.999756
0 4.71121 -1.01757
0 4.66671 -1.03211
0 4.66821 -1.07592
0 4.64305 -1.10856
0 4.61681 -1.11865
0 4.61925 -1.13092
0 4.63296 -1.14298
0 4.61818 -1.14442
0 4.60974 -1.17182
0 4.59694 -1.18025
0 4.56228 -1.18246
0 4.55709 -1.18848
0 4.60574 -1.21401
0 4.60361 -1.22324
0 4.55147 -1.19918
0 4.5302 -1.18573
0 4.5593 -1.21593
0 4.53215 -1.2262
0 4.5584 -1.26829
0 4.52519 -1.27394
0 4.57532 -1.30309
0 4.5798 -1.30884
0 4.56248 -1.30695
0 4.52936 -1.29637
0 4.5776 -1.32027
0 4.58787 -1.32901
0 4.57322 -1.32214
0 4.56357 -1.31878
0 4.55028 -1.31127
0 4.50326 -1.2917
0 4.48243 -1.27988
0 4.49569 -1.29026
0 4.48698 -1.27676
0 4.48182 -1.2672
0 4.48073 -1.26677
0 4.48221 -1.2666
0 4.5445 -1.30998
0 4.49972 -1.27881
0 4.53522 -1.30379
0 4.54002 -1.31363
0 4.53003 -1.31266
0 4.53438 -1.31598
0 4.52476 -1.3131
0 4.51993 -1.31251
0 4.51537 -1.30797
0 4.51696 -1.30964
0 4.52404 -1.31118
0 4.51986 -1.30664
0 4.53478 -1.31214
0 4.54602 -1.31413
0 4.49726 -1.2723
0 4.54163 -1.29872
0 4.50056 -1.27094
0 4.48988 -1.25469
0 4.48379 -1.2538
0 4.48245 -1.25523
0 4.50507 -1.27231
0 4.52195 -1.28309
0 4.54902 -1.29226
0 4.57242 -1.29699
0 4.52003 -1.27004
0 4.51138 -1.26023
0 4.52225 -1.2651
0 4.51364 -1.25743
0 4.56597 -1.27385
0 4.51718 -1.24593
0 4.53703 -1.25059
0 4.51829 -1.21381
0 4.53271 -1.20471
0 4.57806 -1.21256
0 4.53825 -1.17233
0 4.53162 -1.17691
0 4.54882 -1.18345
0 4.57407 -1.17873
0 4.54661 -1.14974
0 4.55036 -1.14477
0 4.59774 -1.15748
0 4.59489 -1.14743
0 4.57978 -1.1372
0 4.57826 -1.11004
0 4.60424 -1.10635
0 4.63545 -1.10575
0 4.63584 -1.10041
0 4.6254 -1.09161
0 4.63219 -1.08997
0 4.65189 -1.09452
0 4.60359 -1.06754
0 4.62763 -1.07224
0 4.65658 -1.078
0 4.61116 -1.05352
0 4.6644 -1.06402
0 4.66271 -1.0276
0 4.65811 -1.00953
0 4.67793 -1.0056
0 4.68198 -0.999965
0 4.67565 -0.989256
0 4.68665 -0.990707
0 4.71903 -0.998063
0 4.69711 -0.981586
0 4.70869 -0.980774
0 4.71312 -0.968964
0 4.7289 -0.91827
0 4.72948 -0.895309
0 4.75484 -0.893179
0 4.73949 -0.876097
0 4.74434 -0.871961
0 4.71098 -0.844067
0 4.74161 -0.816938
0 4.7336 -0.792549
0 4.76851 -0.785007
0 4.78368 -0.771997
0 4.75322 -0.74178
0 4.79954 -0.728385
0 4.78727 -0.705748
0 4.78828 -0.688476
0 4.80213 -0.681911
0 4.80875 -0.665387
0 4.79176 -0.636861
0 4.80863 -0.608775
0 4.82332 -0.585325
0 4.84818 -0.573363
0 4.8778 -0.569878
0 4.89383 -0.559373
0 4.8624 -0.511692
0 4.87501 -0.49885
0 4.8846 -0.487825
0 4.8903 -0.481841
0 4.89284 -0.473062
0 4.89932 -0.468353
0 4.91636 -0.466145
0 4.91584 -0.457518
0 4.93687 -0.454228
0 4.90425 -0.432427
0 4.91422 -0.405458
0 4.94536 -0.372351
0 4.93382 -0.320102
0 4.939 -0.294108
0 4.95866 -0.288007
0 4.9845 -0.281389
0 5.02778 -0.263255
0 4.99734 -0.237395
0 4.9969 -0.225894
0 5.00184 -0.219317
0 5.01796 -0.215519
0 5.02885 -0.211882
0 5.0553 -0.213603
0 5.07581 -0.207504
0 4.99328 -0.359254
0 4.91571 -0.959808
0 4.8231 -1.45293
0 4.75138 -1.71569
0 4.68651 -1.88098
0 4.66282 -2.06508
0 4.58773 -2.17281
0 4.53488 -2.30655
0 4.41232 -2.58699
0 4.27652 -2.87405
0 4.19991 -3.06515
0 4.08069 -3.28802
0 3.98704 -3.40087
0 3.83748 -3.61692
0 3.72894 -3.77738
0 3.63294 -3.90357
0 3.48528 -4.06177
0 3.37207 -4.20386
0 3.18331 -4.42322
0 2.97216 -4.62058
0 2.67325 -4.8867
0 1.1872 -6.54379
0 0.632477 -7.15597
0 0.157343 -7.42196
0 0.676766 -6.94456
0 1.05456 -6.68627
0 1.53274 -6.44329
0 2.02432 -6.1845
0 2.49459 -5.86333
0 2.75377 -5.66613
0 2.98434 -5.48817
0 3.13854 -5.34595
0 3.42559 -5.09583
0 3.62524 -4.94983
0 3.77942 -4.72706
0 3.90369 -4.58314
0 4.01854 -4.42793
0 4.107 -4.32195
0 4.18531 -4.18613
0 4.26831 -4.0904
0 4.42546 -3.81644
0 4.64947 -3.47118
0 4.89185 -3.01805
0 4.98436 -2.78264
0 5.07642 -2.60483
0 5.1435 -2.37988
0 5.29961 -1.88439
0 5.36176 -1.62616
0 5.43521 -1.36499
0 5.46483 -1.18388
0 5.50941 -0.949252
0 5.53866 -0.804351
0 5.54057 -0.581795
0 5.55429 -0.43248
0 5.5594 -0.31047
0 5.57346 -0.204242
0 5.56767 -0.0119048
0 5.04884 0.0655436
0 4.85361 0.0753084
0 4.78016 0.0591866
0 4.75394 0.0330377
0 4.73688 -0.0405909
0 4.71991 -0.0891365
0 4.71238 -0.120664
0 4.70411 -0.14836
0 4.70212 -0.21851
0 4.7037 -0.257113
0 4.69904 -0.296537
0 4.69156 -0.368798
0 4.68686 -0.409246
0 4.68453 -0.492875
0 4.67659 -0.532517
0 4.6617 -0.634022
0 4.65332 -0.735462
0 4.66508 -0.790728
0 4.66064 -0.820595
0 4.66352 -0.883779
0 4.6569 -0.919817
0 4.65752 -0.941349
0 4.66088 -1.00579
0 4.65543 -1.0417
0 4.65433 -1.06294
0 4.65005 -1.13639
0 4.64498 -1.17378
0 4.62842 -1.23158
0 4.64669 -1.25911
0 4.64985 -1.27629
0 4.64903 -1.29011
0 4.63805 -1.29953
0 4.63339 -1.31011
0 4.62557 -1.34683
0 4.63761 -1.37158
0 4.63003 -1.39995
0 4.63016 -1.45477
0 4.62421 -1.4749
0 4.62134 -1.4968
0 4.61553 -1.50995
0 4.60877 -1.56297
0 4.59927 -1.58299
0 4.61857 -1.60029
0 4.6227 -1.60838
0 4.62064 -1.61492
0 4.60726 -1.62246
0 4.6138 -1.66205
0 4.60526 -1.68331
0 4.61466 -1.6978
0 4.60373 -1.71284
0 4.59187 -1.71804
0 4.59344 -1.7641
0 4.60187 -1.78204
0 4.60322 -1.79472
0 4.58317 -1.81366
0 4.58122 -1.82042
0 4.57935 -1.85878
0 4.58168 -1.88018
0 4.59311 -1.89026
0 4.59314 -1.90379
0 4.58903 -1.91207
0 4.57319 -1.95723
0 4.5782 -1.98582
0 4.56446 -2.0032
0 4.56673 -2.01106
0 4.56546 -2.01949
0 4.56045 -2.05724
0 4.56349 -2.07131
0 4.56456 -2.0876
0 4.55235 -2.09456
0 4.55351 -2.09992
0 4.5639 -2.10922
0 4.56287 -2.15702
0 4.55444 -2.18651
0 4.55076 -2.20629
0 4.55102 -2.2155
0 4.55273 -2.24806
0 4.55094 -2.27346
0 4.55567 -2.2926
0 4.55164 -2.31038
0 4.54894 -2.35552
0 4.54507 -2.38258
0 4.53738 -2.39207
0 4.52656 -2.45174
0 4.52034 -2.48436
0 4.53812 -2.50055
0 4.51989 -2.50444
0 4.51845 -2.50444
0 4.52093 -2.50934
0 4.5177 -2.54704
0 4.52623 -2.56723
0 4.52851 -2.58184
0 4.51388 -2.58514
0 4.51659 -2.58991
0 4.5094 -2.59073
0 4.50821 -2.59546
0 4.50581 -2.63788
0 4.51145 -2.65598
0 4.51132 -2.66907
0 4.51501 -2.67438
0 4.50777 -2.6791
0 4.51254 -2.68678
0 4.50293 -2.6873
0 4.50354 -2.68824
0 4.5054 -2.69211
0 4.50576 -2.69486
0 4.50375 -2.73463
0 4.5029 -2.74707
0 4.50002 -2.75411
0 4.49561 -2.75323
0 4.49209 -2.75014
0 4.50084 -2.75899
0 4.50576 -2.76222
0 4.51207 -2.76501
0 4.50578 -2.76659
0 4.50082 -2.76239
0 4.48908 -2.76139
0 4.4884 -2.7683
0 4.48827 -2.77088
0 4.486 -2.77033
0 4.50108 -2.77277
0 4.49392 -2.77132
0 4.49208 -2.77093
0 4.4866 -2.76913
0 4.49495 -2.77253
0 4.49264 -2.76896
0 4.49342 -2.76765
0 4.49438 -2.76556
0 4.49383 -2.76779
0 4.49748 -2.76671
0 4.49121 -2.7635
0 4.49374 -2.76471
0 4.49251 -2.76177
0 4.49328 -2.76253
0 4.49106 -2.76226
0 4.4913 -2.75871
0 4.49412 -2.75868
0 4.49456 -2.75738
0 4.49589 -2.76021
0 4.48896 -2.76022
0 4.49764 -2.7606
0 4.49702 -2.76024
0 4.50069 -2.7598
0 4.50071 -2.75973
0 4.49279 -2.75872
0 4.4909 -2.75283
0 4.4932 -2.74894
0 4.49457 -2.74779
0 4.49395 -2.74659
0 4.49997 -2.74512
0 4.51044 -2.74479
0 4.50997 -2.74193
0 4.50965 -2.74105
0 4.50767 -2.73975
0 4.50329 -2.73256
0 4.50367 -2.72621
0 4.50664 -2.68108
0 4.50745 -2.66022
0 4.50142 -2.65039
0 4.49946 -2.6492
0 4.51002 -2.64743
0 4.50752 -2.64557
0 4.51517 -2.6365
0 4.51335 -2.62577
0 4.5135 -2.61776
0 4.51412 -2.61262
0 4.51807 -2.57292
0 4.51771 -2.55905
0 4.51633 -2.55088
0 4.50505 -2.54523
0 4.5152 -2.54102
0 4.52352 -2.54074
0 4.52412 -2.53528
0 4.52576 -2.52998
0 4.52555 -2.51929
0 4.52785 -2.47534
0 4.52088 -2.45116
0 4.53176 -2.43616
0 4.53459 -2.42711
0 4.53618 -2.42567
0 4.533 -2.41678
0 4.53584 -2.41451
0 4.53456 -2.37161
0 4.53076 -2.35127
0 4.53163 -2.33851
0 4.54564 -2.33185
0 4.54001 -2.31106
0 4.54994 -2.2543
0 4.55564 -2.22731
0 4.55731 -2.20828
0 4.56153 -2.20898
0 4.56936 -2.14001
0 4.56552 -2.10376
0 4.57427 -2.05137
0 4.56131 -2.02776
0 4.56752 -2.00092
0 4.56431 -1.99063
0 4.5694 -1.94144
0 4.58334 -1.90989
0 4.58737 -1.8577
0 4.58761 -1.83297
0 4.59728 -1.80636
0 4.591 -1.79481
0 4.58149 -1.78178
0 4.5909 -1.73532
0 4.60157 -1.71029
0 4.61121 -1.69689
0 4.59447 -1.68624
0 4.61234 -1.63329
0 4.62225 -1.60498
0 4.61382 -1.58546
0 4.61626 -1.54439
0 4.61658 -1.52475
0 4.61779 -1.50698
0 4.61665 -1.43983
0 4.63372 -1.41372
0 4.62495 -1.39809
0 4.62675 -1.38816
0 4.62967 -1.3844
0 4.6321 -1.33873
0 4.63162 -1.31931
0 4.63552 -1.30334
0 4.6487 -1.29912
0 4.63581 -1.24959
0 4.61583 -1.23225
0 4.55358 -1.29077
0 4.43466 -1.5126
0 4.31991 -1.68349
0 4.20876 -1.87251
0 3.94581 -2.22589
0 3.75165 -2.36428
0 3.6868 -2.35208
0 3.68327 -2.2648
0 3.74249 -2.02242
0 3.80582 -1.71224
0 3.8507 -1.44576
0 3.86933 -1.28254
0 3.88182 -1.1745
0 3.8755 -1.11584
0 3.87467 -1.03164
0 3.8199 -0.986242
0 3.76775 -0.981475
0 3.72971 -0.921313
0 3.70756 -0.895804
0 3.69771 -0.879093
0 3.64222 -0.819931
0 3.61339 -0.798039
0 3.5981 -0.791425
0 3.57385 -0.798088
0 3.52115 -0.91543
0 3.5087 -0.992005
0 3.48538 -1.01656
0 3.45673 -0.993152
0 3.42389 -0.87818
0 3.41483 -0.799817
0 3.40489 -0.738626
0 3.43224 -0.696775
0 3.40306 -0.634629
0 3.42256 -0.587204
0 3.38178 -0.52729
0 3.43281 -0.527103
0 3.39998 -0.514747
0 3.35552 -0.510726
0 3.39922 -0.538163
0 3.38447 -0.545877
0 3.39398 -0.560658
0 3.37457 -0.563463
0 3.34151 -0.560201
0 3.32258 -0.565527
0 3.31721 -0.571731
0 3.25834 -0.542742
0 3.22729 -0.504129
0 3.22897 -0.490619
0 3.23136 -0.482939
0 3.22216 -0.466036
0 3.20354 -0.402212
0 3.20528 -0.376628
0 3.21149 -0.36542
0 3.16806 -0.313466
0 3.16012 -0.287507
0 3.17327 -0.264737
0 3.14046 -0.231609
0 3.14891 -0.209116
0 1.25183 -2.53045
0 0.73594 -3.33658
0 0.654097 -3.57322
0 0.769852 -3.57581
0 0.994335 -3.42722
0 1.27595 -3.2074
0 1.43612 -3.05912
0 1.51843 -2.96666
0 1.59681 -2.87478
0 1.7038 -2.74034
0 1.76557 -2.64717
0 1.83129 -2.52029
0 1.86169 -2.40963
0 1.87206 -2.35433
0 1.87435 -2.32544
0 1.88 -2.23801
0 1.87893 -2.18765
0 1.88696 -2.13029
0 1.89161 -2.10423
0 1.89118 -2.07808
0 1.88943 -2.05583
0 1.88748 -2.02743
0 1.89364 -1.99428
0 1.8984 -1.90683
0 1.89877 -1.85832
0 1.89496 -1.82585
0 1.94202 -1.79747
0 1.91751 -1.75337
0 1.90591 -1.72007
0 1.89721 -1.69894
0 1.89334 -1.66112
0 1.89853 -1.62693
0 1.89765 -1.60704
0 1.89481 -1.58861
0 1.89898 -1.53398
0 1.89876 -1.5058
0 1.89772 -1.48804
0 1.90007 -1.42682
0 1.9082 -1.34461
0 1.89906 -1.28697
0 1.9018 -1.2112
0 1.89647 -1.17536
0 1.89081 -1.12651
0 1.8917 -1.08764
0 1.8806 -1.06673
0 1.86622 -1.05649
0 1.8425 -1.0143
0 1.80268 -0.995431
0 1.7419 -0.987523
0 1.7049 -0.993266
0 1.65611 -1.00329
0 1.61339 -1.01156
0 1.55702 -1.06112
0 1.52009 -1.08114
0 1.47978 -1.09181
0 1.44458 -1.0526
0 1.41828 -0.965586
0 1.38854 -0.904882
0 1.37356 -0.845222
0 1.36405 -0.815025
0 1.3613 -0.794191
0 1.34641 -0.729414
0 1.3335 -0.695622
0 1.322 -0.626062
0 1.29943 -0.590667
0 1.28093 -0.530553
0 1.25248 -0.483554
0 1.23525 -0.449522
0 1.21862 -0.399938
0 1.16386 -0.305518
0 1.13701 -0.231933
0 1.11865 -0.198545
0 1.09469 -0.179566
0 0.461278 -1.78688
0 0.312951 -2.40067
0 0.398815 -2.62584
0 0.481843 -2.6975
0 0.775037 -2.66252
0 0.931572 -2.63747
0 1.14916 -2.55948
0 1.27729 -2.51243
0 1.43039 -2.43179
0 1.52763 -2.39024
0 1.64363 -2.30202
0 1.81634 -2.17965
0 1.92168 -2.08717
0 2.00799 -2.01742
0 2.15724 -1.86951
0 2.28503 -1.7709
0 2.38336 -1.65504
0 2.48477 -1.55584
0 2.49633 -1.47443
0 2.5557 -1.40599
0 2.62372 -1.31695
0 2.78657 -1.03894
0 2.83859 -0.886633
0 2.90706 -0.70678
0 2.96126 -0.578681
0 4.34654 -0.2636
0 4.94332 -0.192978
0 5.16628 -0.249805
0 5.21217 -0.474375
0 5.22966 -0.639408
0 5.15293 -0.952345
0 5.09966 -1.24398
0 5.02744 -1.44114
0 4.93174 -1.74589
0 4.87237 -1.93582
0 4.62288 -2.47865
0 4.39346 -2.90843
0 4.2543 -3.13164
0 4.16884 -3.28228
0 4.07887 -3.40361
0 3.98896 -3.50823
0 3.9036 -3.60859
0 3.81477 -3.70505
0 3.73644 -3.79972
0 3.33599 -4.18743
0 3.08924 -4.60732
0 3.45744 -4.40525
0 3.88662 -4.03117
0 4.17022 -3.74729
0 4.32952 -3.56051
0 4.48493 -3.34853
0 4.58586 -3.19432
0 4.67842 -3.05727
0 4.92738 -2.59171
0 5.04562 -2.33993
0 5.14195 -2.08144
0 5.2323 -1.89741
0 5.28432 -1.72805
0 5.31672 -1.59399
0 5.3352 -1.4628
0 5.41229 -1.32787
0 5.40561 -1.17886
0 5.42952 -1.0471
0 5.49499 -0.914928
0 5.55801 -0.586915
0 2.74779 -5.53139
1 0.731128 -4.63513
2 2.44604 -7.0796
2 1.31621 -4.21676
0 1.82857 -5.50751
0 2.36642 -5.59559
0 2.67799 -5.49387
0 3.03249 -5.3383
0 3.14744 -5.3896
1 0.288768 0.0481719
0 0.904884 -3.12572
1 1.08074e+249 0.0214469
0 0.978567 -4.93807
1 2.55119e+249 -0.0183763
1 4.1426e+249 -0.0475078
0 5.74886e+249 -0.0925466
1 4.96035 3.63418
0 7.32682e+249 -0.170016
1 3.50567 1.85403
0 8.85811e+249 -0.103488
2 2.68252 4.84779
3 9.59602 0.0647641
0 1.03342e+250 -0.215842
4 7.1411 1.76597
5 8.70343 0.685023
2 1.08085e+249 3.76645
0 3.15657 0.0554608
3 1.08074e+249 0.649908
0 1.08113e+249 4.83608
2 2.53458e+249 2.89598
1 2.56362e+249 1.21618
1 4.20264e+249 0.242263
0 5.88282e+249 -2.94784
0 7.55668e+249 -1.29013
0 9.20273e+249 -4.51213
0 1.08091e+250 -6.20185
0 1.2368e+250 -7.72821
0 1.38736e+250 -3.10414
0 1.53214e+250 -1.33297
0 1.67079e+250 4.70919
0 1.80306e+250 6.43856
0 1.92878e+250 6.57306
0 2.04787e+250 2.28014
0 2.16032e+250 -0.0804891
0 2.26617e+250 -1.90013
0 2.36553e+250 -1.88014
1 4.01736 -4.95448
2 7.59234 2.55281
2 4.29208 -3.41934
2 4.53135 1.3787
3 2.03939 -7.07872
2 3.66174 -4.30259
1 3.34523 -4.28644
2 8.18153 1.54458
1 2.41328 -2.83557
2 1.08088e+249 0.789509
1 3.98895 -3.25402
1 6.05456 -3.45295
2 2.41876 -7.1627
3 9.68044 0.247605
1 1.08071e+249 -4.17782
0 2.56328e+249 -5.10262
0 4.20209e+249 -5.06338
0 5.88206e+249 -4.48509
0 7.5557e+249 -7.5508
0 9.20152e+249 -8.58019
0 1.08077e+250 -9.05457
0 1.23664e+250 -9.48037
0 1.38718e+250 -4.95738
0 1.53194e+250 -1.87255
0 1.67056e+250 -0.711599
0 1.80282e+250 -0.270909
0 1.92852e+250 -0.112152
0 2.0476e+250 -0.107676
0 2.16004e+250 -0.112974
0 2.26587e+250 -0.123786
0 2.36523e+250 -0.135408
0 2.45824e+250 -0.179244
0 2.54511e+250 -0.217587
0 2.62605e+250 -0.246741
0 2.70132e+250 -0.300858
0 2.77117e+250 -0.329382
0 2.8359e+250 -0.357429
0 2.89576e+250 -0.432064
0 2.95106e+250 -0.480336
0 3.00207e+250 -0.559849
0 3.04907e+250 -0.599895
0 3.09232e+250 -0.62256
0 3.1321e+250 -0.678521
0 3.16864e+250 -0.70865
0 3.20219e+250 -0.743521
0 3.23296e+250 -0.764775
0 3.26118e+250 -0.824232
0 3.28705e+250 -0.856876
0 3.31075e+250 -0.891017
0 3.33246e+250 -1.08672
0 3.35234e+250 -1.1685
0 3.37053e+250 -1.21131
0 3.38718e+250 -1.23399
0 3.40243e+250 -1.2513
0 3.41638e+250 -1.30236
0 3.42915e+250 -1.33017
0 3.44083e+250 -1.3453
0 3.45153e+250 -1.41419
0 3.46132e+250 -1.44539
0 3.47029e+250 -1.48049
0 3.4785e+250 -1.50021
0 3.48602e+250 -1.56001
0 3.49291e+250 -1.60148
0 3.49923e+250 -1.66948
0 3.50502e+250 -1.69668
0 3.51033e+250 -1.71261
0 3.51521e+250 -1.72483
0 3.51968e+250 -1.73428
0 3.52379e+250 -1.77913
0 3.52756e+250 -1.81971
0 3.53103e+250 -1.88924
0 3.53422e+250 -1.92102
0 3.53716e+250 -1.93135
0 3.53986e+250 -1.9452
0 3.54235e+250 -1.97785
0 3.54466e+250 -2.01323
0 3.54678e+250 -2.04006
0 3.54873e+250 -2.07382
0 3.55053e+250 -2.10653
0 3.5522e+250 -2.12629
0 3.55374e+250 -2.13569
0 3.55517e+250 -2.14368
0 3.55649e+250 -2.15067
0 3.55771e+250 -2.15606
0 3.55885e+250 -2.1595
0 3.5599e+250 -2.16289
0 3.56087e+250 -2.20946
0 3.56178e+250 -2.22013
0 3.56263e+250 -2.22707
0 3.56341e+250 -2.31427
0 3.56414e+250 -2.34013
0 3.56482e+250 -2.3779
0 3.56546e+250 -2.39568
0 3.56604e+250 -2.42563
0 3.5666e+250 -2.45178
0 3.56711e+250 -2.46404
0 3.56759e+250 -2.5102
0 3.56804e+250 -2.54051
0 3.56845e+250 -2.54851
0 3.56885e+250 -2.55128
0 3.56921e+250 -2.55981
0 3.56955e+250 -2.59337
0 3.56987e+250 -2.62583
0 3.57017e+250 -2.63707
0 3.57046e+250 -2.64013
0 3.57072e+250 -2.647
0 3.57098e+250 -2.6526
0 3.57121e+250 -2.65424
0 3.57143e+250 -2.68068
0 3.57165e+250 -2.71117
0 3.57184e+250 -2.71894
0 3.57203e+250 -2.73343
0 3.5722e+250 -2.75295
0 3.57237e+250 -2.75503
0 3.57253e+250 -2.79883
0 3.57267e+250 -2.82356
0 3.57281e+250 -2.84189
0 3.57294e+250 -2.84994
0 3.57306e+250 -2.85507
0 3.57317e+250 -2.85508
0 3.57329e+250 -2.8791
0 3.5734e+250 -2.8886
0 3.5735e+250 -2.91978
0 3.57359e+250 -2.93085
0 3.57368e+250 -2.94434
0 3.57377e+250 -2.95233
0 3.57385e+250 -2.97579
0 3.57393e+250 -3.01455
0 3.574e+250 -3.03824
0 3.57407e+250 -3.07026
0 3.57414e+250 -3.08215
0 3.57421e+250 -3.11796
0 3.57427e+250 -3.13786
0 3.57432e+250 -3.14183
0 3.57437e+250 -3.17428
0 3.57443e+250 -3.18815
0 3.57447e+250 -3.19016
0 3.57452e+250 -3.21967
0 3.57457e+250 -3.23665
0 3.57461e+250 -3.23761
0 3.57465e+250 -3.23931
0 3.57469e+250 -3.26124
0 3.57473e+250 -3.29182
0 3.57476e+250 -3.30055
0 3.57479e+250 -3.30642
0 3.57482e+250 -3.30922
0 3.57485e+250 -3.28856
0 3.57488e+250 -3.28449
0 3.57491e+250 -3.30685
0 3.57494e+250 -3.31419
0 3.57496e+250 -3.32785
0 3.57498e+250 -3.32384
0 3.57501e+250 -3.33783
0 3.57503e+250 -3.35997
0 3.57505e+250 -3.39237
0 3.57507e+250 -3.37654
0 3.57508e+250 -3.39304
0 3.5751e+250 -3.40312
0 3.57511e+250 -3.40231
0 3.57513e+250 -3.402
0 3.57515e+250 -3.40339
0 3.57516e+250 -3.40199
0 3.57518e+250 -3.40605
0 3.57519e+250 -3.39936
0 3.57521e+250 -3.3988
0 3.57521e+250 -3.40058
0 3.57522e+250 -3.40793
0 3.57523e+250 -3.40642
0 3.57524e+250 -3.38332
0 3.57525e+250 -3.39648
0 3.57525e+250 -3.40596
0 3.57526e+250 -3.41202
0 3.57527e+250 -3.41559
0 3.57528e+250 -3.41965
0 3.57528e+250 -3.42077
0 3.57529e+250 -3.41969
0 3.5753e+250 -3.42388
0 3.57531e+250 -3.41858
0 3.57531e+250 -3.4199
0 3.57532e+250 -3.4118
0 3.57533e+250 -3.41757
0 3.57534e+250 -3.41348
0 3.57534e+250 -3.41111
0 3.57535e+250 -3.40715
0 3.57536e+250 -3.4073
0 3.57537e+250 -3.40328
0 3.57537e+250 -3.39419
0 3.57538e+250 -3.39206
0 3.57538e+250 -3.3935
0 3.57538e+250 -3.39038
0 3.57538e+250 -3.37075
0 3.57538e+250 -3.38535
0 3.57538e+250 -3.38786
0 3.57538e+250 -3.38749
0 3.57538e+250 -3.38786
0 3.57538e+250 -3.38463
0 3.57538e+250 -3.38112
0 3.57538e+250 -3.38303
0 3.57538e+250 -3.37943
0 3.57538e+250 -3.34829
0 3.57538e+250 -3.31639
0 3.57538e+250 -3.29975
0 3.57538e+250 -3.30817
0 3.57538e+250 -3.29967
0 3.57538e+250 -3.30657
0 3.57538e+250 -3.27187
0 3.57538e+250 -3.25985
0 3.57538e+250 -3.25173
0 3.57538e+250 -3.24871
0 3.57538e+250 -3.26315
0 3.57538e+250 -3.24931
0 3.57538e+250 -3.237
0 3.57538e+250 -3.25434
0 3.57538e+250 -3.2162
0 3.57538e+250 -3.20132
0 3.57538e+250 -3.1931
0 3.57538e+250 -3.19263
0 3.57538e+250 -3.16028
0 3.57538e+250 -3.14486
0 3.57538e+250 -3.11637
0 3.57538e+250 -3.11056
0 3.57538e+250 -3.1041
0 3.57538e+250 -3.09701
0 3.57538e+250 -3.08897
0 3.57538e+250 -3.01337
0 3.57538e+250 -2.99413
0 3.57538e+250 -2.98364
0 3.57538e+250 -2.97464
0 3.57538e+250 -2.97266
0 3.57538e+250 -2.94403
0 3.57538e+250 -2.93509
0 3.57538e+250 -2.90873
0 3.57538e+250 -2.90177
0 3.57538e+250 -2.89387
0 3.57538e+250 -2.85125
0 3.57538e+250 -2.83661
0 3.57538e+250 -2.8025
0 3.57538e+250 -2.80098
0 3.57538e+250 -2.79052
0 3.57538e+250 -2.78854
0 3.57538e+250 -2.77563
0 3.57538e+250 -2.72788
0 3.57538e+250 -2.68871
0 3.57538e+250 -2.67742
0 3.57538e+250 -2.67121
0 3.57538e+250 -2.66803
0 3.57538e+250 -2.65945
0 3.57538e+250 -2.65252
0 3.57538e+250 -2.60938
0 3.57538e+250 -2.59306
0 3.57538e+250 -2.58797
0 3.57538e+250 -2.56947
0 3.57538e+250 -2.56341
0 3.57538e+250 -2.56518
0 3.57538e+250 -2.53301
0 3.57538e+250 -2.4954
0 3.57538e+250 -2.47878
0 3.57538e+250 -2.45558
0 3.57538e+250 -2.41126
0 3.57538e+250 -2.39405
0 3.57538e+250 -2.38061
0 3.57538e+250 -2.37487
0 3.57538e+250 -2.36963
0 3.57538e+250 -2.3427
0 3.57538e+250 -2.33002
0 3.57538e+250 -2.30436
0 3.57538e+250 -2.28685
0 3.57538e+250 -2.27035
0 3.57538e+250 -2.26564
0 3.57538e+250 -2.23868
0 3.57538e+250 -2.24486
0 3.57538e+250 -2.21141
0 3.57538e+250 -2.186
0 3.57538e+250 -2.16519
0 3.57538e+250 -2.13433
0 3.57538e+250 -2.09181
0 3.57538e+250 -2.07967
0 3.57538e+250 -2.06973
0 3.57538e+250 -2.06019
0 3.57538e+250 -2.01054
0 3.57538e+250 -1.99191
0 3.57538e+250 -1.98631
0 3.57538e+250 -1.98046
0 3.57538e+250 -1.98
0 3.57538e+250 -1.97433
0 3.57538e+250 -1.97598
0 3.57538e+250 -1.97225
0 3.57538e+250 -1.96945
0 3.57538e+250 -1.96726
0 3.57538e+250 -1.94683
0 3.57538e+250 -1.96066
0 3.57538e+250 -1.94646
0 3.57538e+250 -1.93904
0 3.57538e+250 -1.93654
0 3.57538e+250 -1.91125
0 3.57538e+250 -1.90165
0 3.57538e+250 -1.89013
0 3.57538e+250 -1.8764
0 3.57538e+250 -1.87004
0 3.57538e+250 -1.85011
0 3.57538e+250 -1.81624
0 3.57538e+250 -1.79703
0 3.57538e+250 -1.78146
0 3.57538e+250 -1.77383
0 3.57538e+250 -1.73939
0 3.57538e+250 -1.70249
0 3.57538e+250 -1.68416
0 3.57538e+250 -1.64401
0 3.57538e+250 -1.59353
0 3.57538e+250 -1.56622
0 3.57538e+250 -1.51185
0 3.57538e+250 -1.48719
0 3.57538e+250 -1.46633
0 3.57538e+250 -1.45482
0 3.57538e+250 -1.4023
0 3.57538e+250 -1.38081
0 3.57538e+250 -1.3688
0 3.57538e+250 -1.36723
0 3.57538e+250 -1.31573
0 3.57538e+250 -1.28694
0 3.57538e+250 -1.2373
0 3.57538e+250 -1.18317
0 3.57538e+250 -1.10036
0 3.57538e+250 -1.06391
0 3.57538e+250 -1.04299
0 3.57538e+250 -1.03581
0 3.57538e+250 -1.01223
0 3.57538e+250 -0.987215
0 3.57538e+250 -0.974294
0 3.57538e+250 -0.965454
0 3.57538e+250 -0.95515
0 3.57538e+250 -0.952327
0 3.57538e+250 -0.947692
0 3.57538e+250 -0.916803
0 3.57538e+250 -0.889307
0 3.57538e+250 -0.870194
0 3.57538e+250 -0.83394
0 3.57538e+250 -0.816175
0 3.57538e+250 -0.789597
0 3.57538e+250 -0.734247
0 3.57538e+250 -0.688025
0 3.57538e+250 -0.658681
0 3.57538e+250 -0.629224
0 3.57538e+250 -0.618788
1 2.57672 7.77978
0 3.57538e+250 -0.290679
1 2.24649 4.20449
0 3.57538e+250 -0.171144
2 1.41657 4.75584
3 4.8487 7.28337
1 3.05228 5.53532
2 1.08074e+249 -4.91597
0 2.56333e+249 -4.91424
0 4.20217e+249 -4.33087
1 1.13256 -2.05425
2 7.16889 -4.29352
3 3.13803 -2.79862
4 4.62634 -3.3501
1 1.20211 3.40452e+158
4 1.08088e+249 -2.29391
2 1.08088e+249 -2.75003
2 2.5658e+249 -4.14875
4 2.56752e+249 -3.13025
0 4.19845e+249 -3.58849
0 5.86599e+249 -3.94254
0 7.52443e+249 -4.28562
0 9.15226e+249 -4.61037
0 1.07377e+250 -4.96881
0 1.22732e+250 -5.23905
0 1.37534e+250 -5.66778
0 1.51741e+250 -6.05669
0 1.65326e+250 -6.35693
0 1.78267e+250 -6.67719
0 1.90554e+250 -7.07366
0 2.02183e+250 -8.1643
0 2.13154e+250 -3.74916
0 2.23478e+250 -2.83646
0 2.33167e+250 -2.87731
0 2.42239e+250 -3.13048
0 2.50714e+250 -3.50325
0 2.58616e+250 -3.8648
0 2.65971e+250 -4.2025
0 2.72804e+250 -4.50399
0 2.79145e+250 -4.70657
0 2.85019e+250 -4.83571
1 1.51935 -2.65039
2 0.0297764 0.0638189
2 0.910627 -4.50906
3 2.25949 2.09662
4 3.20559 6.68082
3 1.08088e+249 2.78157
2 1.08116e+249 -1.34
2 2.56819e+249 -3.40093
2 4.19954e+249 -2.78035
3 2.56367e+249 2.66626
1 4.20272e+249 3.1642
0 5.8675e+249 -2.5376
0 7.52637e+249 -1.13524
1 0.953932 -3.03398
2 2.9325 3.02966
2 1.47236 0.434346
1 1.63137 -2.46015
2 3.31274 5.61321
3 3.51685 6.61264
1 1.08074e+249 -0.182916
0 2.56333e+249 -3.17515
0 4.20217e+249 -4.1255
0 5.88217e+249 -3.75612
0 7.55585e+249 -3.7274
0 9.2017e+249 -7.17097
0 1.08079e+250 -7.308
1 0.946542 -5.09563
2 2.87295 -6.8463
3 3.97778 -7.84983
3 3.20609 3.40452e+158
0 6.24413 8.07498e+158
0 8.11552 1.32375e+159
0 8.73003 1.85291e+159
0 9.09247 2.37988e+159
0 9.40468 2.89764e+159
0 4.00482 3.40209e+159
0 2.72526 3.89023e+159
1 1.12519 -4.98377
2 5.70806 -7.44977
3 4.38579 -6.74039
3 2.23611 3.40452e+158
1 1.31343 -4.41071
2 5.69951 -6.50753
0 3.12137 8.07498e+158
0 3.38874 1.32375e+159
0 3.45497 1.85291e+159
0 3.26878 2.37988e+159
0 2.76286 2.89764e+159
0 1.80044 3.40209e+159
0 5.00894 3.89023e+159
0 4.80667 4.35957e+159
0 4.14726 4.80789e+159
0 3.55503 5.23318e+159
1 2.51348 -4.86233
2 3.77809 4.61641
2 3.1196 0.33696
3 0.0305458 0.00469151
4 3.77001 6.70029
5 2.31158 -7.68974
5 1.87379 3.40452e+158
0 2.65141 8.07498e+158
0 3.12749 1.32375e+159
0 3.44405 1.85291e+159
0 3.64718 2.37988e+159
0 3.79637 2.89764e+159
0 3.87394 3.40209e+159
0 3.86067 3.89023e+159
0 3.92688 4.35957e+159
0 4.06485 4.80789e+159
0 4.48723 5.23318e+159
0 5.46793 5.63365e+159
0 4.87927 6.0077e+159
0 4.59607 6.35397e+159
0 4.43577 6.67132e+159
0 4.27292 6.95886e+159
0 4.1846 7.21596e+159
0 4.09526 7.44221e+159
0 4.03193 7.63751e+159
0 3.96805 7.80197e+159
0 3.9106 7.93596e+159
0 3.84814 8.0401e+159
0 3.65183 8.1152e+159
0 3.56273 8.16225e+159
0 3.48022 8.18247e+159
0 3.32506 8.17719e+159
0 3.21598 8.14781e+159
0 3.04494 8.09592e+159
0 2.95947 8.02313e+159
0 2.84731 7.93112e+159
0 2.54226 7.82159e+159
0 2.41764 7.6962e+159
0 2.37265 7.55665e+159
0 2.34587 7.40458e+159
0 2.33129 7.24157e+159
0 2.31354 7.06916e+159
0 2.2891 6.88881e+159
0 2.26982 6.70189e+159
0 2.24707 6.50971e+159
0 2.24032 6.31348e+159
0 2.23542 6.1143e+159
0 2.2695 5.91321e+159
0 2.27395 5.71116e+159
0 2.25111 5.50898e+159
0 2.2398 5.30747e+159
0 2.30168 5.1073e+159
0 2.26788 4.90909e+159
0 2.24454 4.71338e+159
0 2.23104 4.52066e+159
0 2.28357 4.33132e+159
0 2.26522 4.14573e+159
0 2.24129 3.96418e+159
0 2.23174 3.78692e+159
0 2.26532 3.61417e+159
0 2.25141 3.44608e+159
0 2.23662 3.28279e+159
0 2.22876 3.12438e+159
0 2.22302 2.97092e+159
0 2.25469 2.82246e+159
0 2.25297 2.67901e+159
0 2.23837 2.54056e+159
0 2.21926 2.40708e+159
0 2.21434 2.27853e+159
0 2.25539 2.15486e+159
0 2.22577 2.036e+159
0 2.21256 1.92187e+159
0 2.26211 1.81238e+159
0 2.25296 1.70744e+159
0 2.23038 1.60695e+159
0 2.21126 1.5108e+159
0 2.20188 1.41888e+159
0 2.17834 1.33107e+159
0 2.21281 1.24726e+159
0 2.1955 1.16734e+159
0 2.22446 1.09117e+159
0 2.21611 1.01865e+159
0 2.225 9.49649e+158
0 2.28212 8.84053e+158
0 2.22958 8.21736e+158
0 2.12483 7.62589e+158
0 2.08806 7.06491e+158
0 2.05725 6.53329e+158
0 2.00863 6.02989e+158
0 1.89518 5.55363e+158
0 1.87662 5.1034e+158
0 1.82738 4.67817e+158
0 1.77177 4.27689e+158
0 1.67453 3.89856e+158
0 1.62444 3.54219e+158
0 1.65479 3.20682e+158
0 1.60017 2.89154e+158
0 1.56092 2.59544e+158
0 1.46392 2.31764e+158
0 1.44602 2.0573e+158
0 1.3919 1.81359e+158
0 1.41485 1.58574e+158
0 1.37971 1.37297e+158
0 1.34771 1.17455e+158
0 1.28265 9.89757e+157
0 1.23978 8.1792e+157
0 1.22644 6.58372e+157
0 1.19671 5.10476e+157
0 1.1652 3.73623e+157
0 1.17624 2.47225e+157
0 1.16167 1.30719e+157
0 1.11117 2.35645e+156
0 1.06442 -7.47578e+156
0 1.07234 -1.64744e+157
0 1.00061 -2.46869e+157
0 0.947451 -3.21589e+157
0 0.974481 -3.89339e+157
0 0.918624 -4.50534e+157
0 0.894357 -5.05571e+157
0 0.839543 -5.54829e+157
0 0.774829 -5.9867e+157
0 0.698413 -6.37437e+157
0 0.727216 -6.71459e+157
0 0.698171 -7.01048e+157
0 0.664071 -7.26501e+157
0 0.624756 -7.481e+157
0 0.570988 -7.66113e+157
0 0.537066 -7.80797e+157
0 0.585012 -7.92388e+157
0 0.548179 -8.0112e+157
0 0.498656 -8.07205e+157
0 0.390698 -8.10851e+157
0 0.311354 -8.12249e+157
0 0.234171 -8.11583e+157
0 0.301125 -8.09028e+157
0 0.576282 -8.04748e+157
0 0.903113 -7.98894e+157
0 1.20791 -7.91608e+157
1 0.360197 -6.4652
2 2.30289 -8.86798
0 2.2443 -7.49683
1 1.48086 -5.20214
2 3.66994 -6.80273
2 1.7644 -4.26604
1 0.144295 0.213195
2 1.91684 -5.40395
1 0.200486 0.177487
2 4.59012 -8.33627
2 2.1794 -6.23728
1 1.83786 -2.86452
0 2.41228 -7.08937
2 3.55466 -8.29642
3 0.976728 -6.50837
4 0.249626 -6.00951
1 0.761416 -0.798168
1 0.342459 -0.00622439
0 0.338723 -5.881
0 0.361828 -6.1492
0 0.557582 -6.00012
1 2.35431 -7.02264
2 4.20572 -8.32876
3 3.37303 -7.74261
1 1.08071e+249 -4.43975
1 3.58163 -7.68166
2 0.430746 -4.7452
3 1.33683 -5.58889
3 1.08074e+249 -4.0919
0 2.56333e+249 -5.3154
0 4.20217e+249 -6.4804
0 5.88217e+249 -7.11723
0 7.55585e+249 -7.77499
0 9.2017e+249 -3.58586
0 1.08079e+250 -2.2326
0 1.23666e+250 -2.16131
0 1.38721e+250 -2.6188
0 1.53197e+250 -5.19401
0 2.44649 -1.97426
0 3.20208 -2.58662
0 3.4656 -2.80484
0 3.55302 -2.88122
0 3.58323 -2.90178
0 3.57622 -2.89063
0 3.56412 -2.88445
0 3.5482 -2.87195
0 3.52935 -2.86585
0 3.50469 -2.86257
0 3.4724 -2.85272
0 3.44018 -2.84604
0 3.41905 -2.84165
0 3.39246 -2.83536
0 3.3679 -2.79413
0 3.3553 -2.76522
0 3.33868 -2.7457
0 3.3253 -2.72979
0 3.33268 -2.6908
0 3.31368 -2.65698
0 3.29214 -2.63055
0 3.27092 -2.62148
0 3.24734 -2.62011
0 3.17947 -2.61078
0 3.15442 -2.57554
0 3.12324 -2.55731
0 3.10546 -2.53989
0 3.08803 -2.52167
0 3.07969 -2.46783
0 3.06191 -2.43021
0 3.06529 -2.37035
0 3.05277 -2.32318
0 3.05782 -2.26379
0 3.05765 -2.23583
0 3.0575 -2.21621
0 3.05466 -2.20271
0 3.05248 -2.19254
0 3.09688 -2.15655
0 3.07661 -2.1426
0 3.06972 -2.12825
0 3.06271 -2.11503
0 3.0575 -2.10222
0 3.05522 -2.09531
0 3.11294 -2.07657
0 3.08484 -2.05373
0 3.05549 -2.03371
0 3.0301 -2.02285
0 3.00492 -2.02074
0 2.95636 -2.02703
0 2.91331 -2.03986
0 2.86502 -2.07723
0 2.82066 -2.11457
0 2.76401 -2.1426
0 2.70048 -2.19991
0 2.63168 -2.24146
0 2.57081 -2.30137
0 2.46298 -2.35636
0 2.38654 -2.42224
0 2.2676 -2.47334
0 2.14112 -2.54773
0 2.06013 -2.57947
0 1.94457 -2.64619
0 1.88898 -2.66867
0 1.77383 -2.67176
0 1.69971 -2.6269
0 1.66148 -2.60745
0 1.66055 -2.58965
0 1.64604 -2.52192
0 1.64525 -2.48699
0 1.65985 -2.46338
0 1.66118 -2.398
0 1.67934 -2.36321
0 1.69723 -2.28721
0 1.7084 -2.2496
0 1.73227 -2.17591
0 1.74994 -2.13932
0 1.75739 -2.11589
0 1.7833 -2.06038
0 1.79853 -2.02931
0 1.82003 -1.95237
0 1.81251 -1.86466
0 1.80974 -1.82308
0 1.79349 -1.80021
0 1.79078 -1.74412
0 1.78943 -1.71897
0 1.77785 -1.71035
0 1.76274 -1.70392
0 1.74297 -1.69965
0 1.68021 -1.6969
0 1.63306 -1.62768
0 1.59803 -1.59669
0 1.59257 -1.53048
0 1.58137 -1.49746
0 1.59164 -1.43931
0 1.60126 -1.35217
0 1.60982 -1.30806
0 1.6028 -1.28078
0 1.61107 -1.22117
0 1.58326 -1.19213
0 1.53604 -1.12361
0 1.51036 -1.09624
0 1.49317 -1.07723
0 1.47422 -0.999255
0 1.457 -0.907355
0 1.44432 -0.824256
0 1.42733 -0.786358
0 1.42154 -0.763294
0 1.40311 -0.700549
0 1.40065 -0.671155
0 1.38934 -0.6527
0 1.37832 -0.609166
0 1.37687 -0.588948
0 1.3659 -0.570126
0 1.34474 -0.515413
0 1.33641 -0.488519
0 1.32347 -0.470189
0 1.30842 -0.42522
0 1.30341 -0.402136
0 1.27611 -0.374815
0 1.19812 -0.236852
0 1.54553 -0.18716
0 1.67137 -0.193972
0 1.70926 -0.262182
0 1.64766 -0.417662
0 1.59377 -0.492221
0 1.52477 -0.591667
0 1.52703 -0.67058
0 1.48344 -0.665009
0 1.5214 -0.692688
0 1.51377 -0.645839
0 1.50529 -0.615229
0 1.50395 -0.603555
0 1.50348 -0.596493
0 1.48229 -0.563065
0 1.46655 -0.524924
0 1.47397 -0.507653
0 1.49603 -0.439539
0 1.51764 -0.405775
0 1.54072 -0.384467
0 1.57249 -0.315724
0 1.60296 -0.255709
0 1.66333 -0.218351
0 0.897645 -2.56128
0 0.667793 -3.43734
0 0.834996 -3.67681
0 1.0779 -3.67591
0 1.19675 -3.68669
0 1.4486 -3.53453
0 1.58229 -3.47187
0 1.8144 -3.31255
0 2.11572 -3.03887
0 2.28236 -2.87304
0 2.3681 -2.78353
0 2.46041 -2.67095
0 2.5382 -2.57232
0 2.61359 -2.46062
0 2.72338 -2.33757
0 2.80818 -2.21475
0 2.87928 -2.10404
0 2.94685 -1.99195
0 3.00408 -1.882
0 3.05741 -1.78123
0 3.11387 -1.6769
0 3.17053 -1.5659
0 3.2261 -1.48054
0 3.27089 -1.37909
0 3.31709 -1.27095
0 3.35831 -1.15955
0 3.43735 -0.963088
0 3.51072 -0.741353
0 3.57127 -0.597884
0 3.63709 -0.32543
0 1.65594 -0.156196
0 0.895619 -0.101838
0 0.609639 -0.0931039
0 0.475318 -0.160639
0 0.4287 -0.198289
0 0.40096 -0.223579
0 0.392841 -0.245032
0 0.398143 -0.299923
0 0.406252 -0.326537
0 0.41969 -0.358493
0 0.421767 -0.381369
0 0.426187 -0.436295
0 0.425696 -0.481273
0 0.433664 -0.506368
0 0.434255 -0.552867
0 0.439866 -0.583861
0 0.447562 -0.612897
0 0.446645 -0.669314
0 0.449056 -0.697557
0 0.456544 -0.726175
0 0.453172 -0.742165
0 0.451082 -0.802735
0 0.452002 -0.831953
0 0.446219 -0.854355
0 0.447163 -0.868105
0 0.424747 -0.877977
0 0.388428 -0.938179
0 0.359611 -0.970324
0 0.284188 -1.0568
0 0.222024 -1.12648
0 0.18663 -1.16779
0 0.180984 -1.18348
0 0.165601 -1.19922
0 0.133346 -1.20805
0 0.103192 -1.22949
0 1.88301 -0.560963
0 2.60809 -0.487961
0 2.90363 -0.497033
0 3.04707 -0.626771
0 3.07378 -0.734079
0 3.06326 -0.835743
0 2.96701 -1.29765
0 2.88848 -1.51886
0 2.82608 -1.66617
0 2.74577 -1.84855
0 2.63762 -2.0806
0 2.54874 -2.22436
0 2.46732 -2.34042
0 2.39408 -2.43966
0 2.31945 -2.53986
0 2.26154 -2.59313
0 2.08964 -2.75044
0 1.82898 -2.99402
0 1.36533 -3.30121
0 0.846569 -3.54729
0 0.48916 -3.69955
0 0.785886 -3.7524
0 0.955232 -3.7642
0 1.07689 -3.75258
0 1.37828 -3.67691
0 1.53501 -3.63829
0 1.69899 -3.55468
0 1.79173 -3.51189
0 1.9023 -3.48353
0 2.01538 -3.41601
0 2.08986 -3.36549
0 2.1484 -3.33563
0 2.3154 -3.2931
0 2.32092 -3.29286
0 2.32222 -3.30366
0 2.32799 -3.29994
0 2.36961 -3.33768
0 2.33955 -3.36428
0 2.33266 -3.37801
0 2.32907 -3.38985
0 2.33639 -3.40381
0 2.34118 -3.47316
0 2.33567 -3.55432
0 2.33959 -3.59086
0 2.35827 -3.60869
0 2.34495 -3.6671
0 2.35057 -3.69926
0 2.3632 -3.71168
0 2.38607 -3.71119
0 2.35768 -3.75981
0 2.34897 -3.77788
0 2.34364 -3.79749
0 2.34458 -3.80524
0 2.34439 -3.84909
0 2.34179 -3.86068
0 2.34681 -3.8707
0 2.34748 -3.88373
0 2.35614 -3.89331
0 2.38236 -3.89459
0 2.36175 -3.93173
0 2.35602 -3.96951
0 2.35849 -3.9793
0 2.38244 -3.99004
0 2.42383 -3.99211
0 2.37895 -4.03436
0 2.36115 -4.05433
0 2.37501 -4.08264
0 2.38846 -4.08772
0 2.3875 -4.09166
0 2.3688 -4.13277
0 2.36294 -4.14983
0 2.36236 -4.1612
0 2.41581 -4.18988
0 2.41883 -4.22168
0 2.38159 -4.24811
0 2.37163 -4.26856
0 2.37076 -4.26848
0 2.36971 -4.27671
0 2.37538 -4.28743
0 2.37222 -4.29599
0 2.38613 -4.29335
0 2.40093 -4.29442
0 2.4192 -4.28969
0 2.38768 -4.32933
0 2.37956 -4.34511
0 2.37691 -4.35374
0 2.37229 -4.36428
0 2.37185 -4.36936
0 2.37802 -4.37427
0 2.38901 -4.36882
0 2.40789 -4.37661
0 2.42787 -4.38309
0 2.43979 -4.40115
0 2.4019 -4.42482
0 2.38739 -4.43413
0 2.37779 -4.43585
0 2.37781 -4.46491
0 2.38041 -4.4678
0 2.38758 -4.4842
0 2.4033 -4.47389
0 2.39622 -4.47649
0 2.41471 -4.47117
0 2.44344 -4.47024
0 2.40368 -4.51267
0 2.38819 -4.53173
0 2.38257 -4.53557
0 2.38172 -4.5394
0 2.38341 -4.54173
0 2.38056 -4.54177
0 2.38125 -4.54992
0 2.38258 -4.55146
0 2.38535 -4.55466
0 2.38731 -4.54909
0 2.38493 -4.55031
0 2.39571 -4.56203
0 2.40311 -4.56927
0 2.40345 -4.57017
0 2.40193 -4.57425
0 2.41407 -4.57539
0 2.41731 -4.57837
0 2.42092 -4.58167
0 2.43782 -4.5791
0 2.45536 -4.59438
0 2.46331 -4.59808
0 2.42043 -4.60061
0 2.44983 -4.58649
0 2.46433 -4.57963
0 2.47436 -4.57757
0 2.41521 -4.59889
0 2.45082 -4.58417
0 2.45379 -4.57974
0 2.44652 -4.57179
0 2.45592 -4.573
0 2.45202 -4.57231
0 2.44997 -4.57504
0 2.44562 -4.5735
0 2.43448 -4.58756
0 2.43221 -4.57553
0 2.4248 -4.56901
0 2.40956 -4.56381
0 2.39637 -4.56778
0 2.39919 -4.58198
0 2.39521 -4.57169
0 2.3928 -4.56533
0 2.3844 -4.55585
0 2.38191 -4.54706
0 2.38086 -4.54487
0 2.37938 -4.5423
0 2.37755 -4.53821
0 2.37433 -4.53045
0 2.37609 -4.52201
0 2.37801 -4.52825
0 2.41177 -4.48975
0 2.40612 -4.4647
0 2.39901 -4.4501
0 2.39493 -4.44648
0 2.38411 -4.43978
0 2.37969 -4.44129
0 2.37709 -4.43745
0 2.37326 -4.43468
0 2.3716 -4.42224
0 2.37073 -4.41688
0 2.36938 -4.41244
0 2.41156 -4.3983
0 2.44165 -4.39188
0 2.4163 -4.3666
0 2.40771 -4.35921
0 2.40333 -4.33981
0 2.38206 -4.34843
0 2.37472 -4.34639
0 2.3704 -4.33425
0 2.41216 -4.28452
0 2.41612 -4.26143
0 2.41558 -4.26167
0 2.40785 -4.2552
0 2.39149 -4.26691
0 2.38087 -4.25863
0 2.37103 -4.24687
0 2.36248 -4.23841
0 2.35935 -4.23439
0 2.39232 -4.20944
0 2.40613 -4.16156
0 2.40737 -4.15526
0 2.39568 -4.14863
0 2.38233 -4.14634
0 2.36404 -4.1449
0 2.35151 -4.12604
0 2.34807 -4.11244
0 2.34573 -4.1084
0 2.38959 -4.06963
0 2.40463 -4.06613
0 2.38596 -4.0517
0 2.36513 -4.04403
0 2.35018 -4.03811
0 2.34417 -4.03252
0 2.34256 -4.01882
0 2.34062 -4.01626
0 2.34372 -4.01552
0 2.33685 -4.0092
0 2.38173 -3.99421
0 2.37864 -3.96516
0 2.36337 -3.95228
0 2.34924 -3.94526
0 2.34411 -3.9399
0 2.34011 -3.92727
0 2.33337 -3.9161
0 2.3354 -3.90873
0 2.33511 -3.90862
0 2.36363 -3.86825
0 2.37169 -3.84844
0 2.34426 -3.84255
0 2.33383 -3.83756
0 2.33186 -3.82349
0 2.32777 -3.81928
0 2.36962 -3.77394
0 2.36888 -3.7569
0 2.34008 -3.73521
0 2.33071 -3.72252
0 2.31857 -3.71347
0 2.38323 -3.66617
0 2.35784 -3.64546
0 2.38785 -3.5841
0 2.39342 -3.57777
0 2.34869 -3.5514
0 2.32025 -3.53524
0 2.3112 -3.52073
0 2.3048 -3.51053
0 2.35169 -3.48659
0 2.35546 -3.45377
0 2.32814 -3.43594
0 2.30803 -3.43001
0 2.29989 -3.41555
0 2.29073 -3.39918
0 2.28778 -3.35308
0 2.27957 -3.33437
0 2.27555 -3.31864
0 2.3159 -3.28597
0 2.29681 -3.24663
0 2.27592 -3.21958
0 2.27219 -3.19129
0 2.29992 -3.14712
0 2.4034 -3.01382
0 2.49344 -2.90303
0 2.50389 -2.82559
0 2.55186 -2.73191
0 2.64678 -2.60301
0 2.67058 -2.51371
0 2.74417 -2.38965
0 2.8084 -2.2037
0 2.81433 -2.11704
0 2.83894 -2.0376
0 2.83162 -1.94195
0 2.79732 -1.88859
0 2.80518 -1.85543
0 2.78639 -1.81839
0 2.74888 -1.80915
0 2.72217 -1.80676
0 2.69516 -1.83521
0 2.65732 -1.83474
0 2.58745 -1.88239
0 2.50785 -1.9171
0 2.44173 -1.93192
0 2.39776 -1.93345
0 2.37158 -1.87366
0 2.34021 -1.84413
0 2.35812 -1.73745
0 2.33593 -1.67033
0 2.31713 -1.63775
0 2.32679 -1.59752
0 2.331 -1.51973
0 2.30785 -1.47028
0 2.27832 -1.44
0 2.26654 -1.3989
0 2.20368 -1.39233
0 2.12911 -1.38913
0 2.07761 -1.3889
0 2.03953 -1.36947
0 2.00801 -1.36073
0 1.96842 -1.36047
0 1.93219 -1.3553
0 1.90761 -1.35186
0 1.87844 -1.35257
0 1.84638 -1.329
0 1.81535 -1.32148
0 1.78707 -1.30118
0 1.71052 -1.28781
0 1.65813 -1.28494
0 1.62167 -1.27609
0 1.59341 -1.2772
0 1.54952 -1.26128
0 1.5545 -1.23571
0 1.52684 -1.20893
0 1.49207 -1.19393
0 1.4649 -1.19047
0 1.39746 -1.17744
0 1.35627 -1.17117
0 1.31809 -1.16434
0 1.32806 -1.1471
0 1.31532 -1.11917
0 1.28307 -1.10305
0 1.23341 -1.08762
0 1.22157 -1.02801
0 1.1463 -0.92671
0 1.1022 -0.88671
0 1.07224 -0.812869
0 1.03781 -0.778678
0 1.00925 -0.759413
0 0.994952 -0.702153
0 0.947805 -0.670799
0 0.93184 -0.607706
0 0.898553 -0.579432
0 0.845676 -0.553486
0 0.723402 -0.414202
0 0.653941 -0.326559
0 0.602452 -0.270567
0 0.519149 -0.233308
0 0.469823 -0.201149
0 0.433227 -0.187607
0 0.41517 -0.185326
0 0.407895 -0.180766
0 0.405927 -0.178478
0 0.403886 -0.179567
0 0.208637 0.116393
0 0.172528 0.242289
0 0.15698 0.292624
0 0.151033 0.326751
1 0.216279 -9.80474
1 0.551854 -6.18521
0 0.212797 -2.72057
0 0.209436 -0.0573572
1 0.40104 -7.99523
0 0.209622 0.923887
0 0.20576 1.26646
0 2.83102 0.973124
0 3.81195 0.78648
0 4.17593 0.640129
0 4.27299 0.425361
0 4.25165 0.110214
0 4.20951 -0.113742
0 4.15666 -0.292314
0 4.10604 -0.455715
0 4.05928 -0.606157
0 4.0082 -0.753824
0 3.98446 -0.877616
0 3.93181 -0.986975
0 3.86587 -1.11047
0 3.80466 -1.24591
0 3.69875 -1.45955
0 3.60884 -1.61156
0 3.51288 -1.72265
0 3.43449 -1.87351
0 3.3349 -1.98535
0 3.16889 -2.16394
0 3.10855 -2.26095
0 3.00566 -2.35953
0 2.9028 -2.45803
0 2.83576 -2.51396
0 2.78987 -2.55195
0 2.73875 -2.57587
0 2.69052 -2.62703
0 2.65292 -2.65883
0 2.60484 -2.68396
0 2.56523 -2.6999
0 2.55415 -2.70182
0 2.54697 -2.6928
0 2.54193 -2.6768
0 2.54258 -2.63474
0 2.54371 -2.61705
0 2.54569 -2.60001
0 2.54773 -2.58633
0 2.55355 -2.53147
0 2.55666 -2.50342
0 2.56059 -2.41915
0 2.55841 -2.37695
0 2.55474 -2.32219
0 2.56774 -2.2963
0 2.56692 -2.28024
0 2.56467 -2.21925
0 2.57316 -2.18569
0 2.57138 -2.15511
0 2.5718 -2.11033
0 2.57653 -2.08029
0 2.57329 -2.01378
0 2.58465 -1.98557
0 2.59137 -1.97264
0 2.59162 -1.9579
0 2.58362 -1.94106
0 2.58476 -1.93623
0 2.59066 -1.78864
0 2.60684 -1.69205
0 2.60897 -1.65023
0 2.60484 -1.62969
0 2.61421 -1.55955
0 2.61464 -1.52786
0 2.61076 -1.5114
0 2.62195 -1.46296
0 2.61966 -1.43804
0 2.6141 -1.42076
0 2.61536 -1.36661
0 2.62285 -1.33974
0 2.62215 -1.3167
0 2.63761 -1.2572
0 2.62648 -1.21485
0 2.63317 -1.07423
0 2.63466 -1.01347
0 2.63138 -0.950639
0 2.64733 -0.923777
0 2.6478 -0.903188
0 2.64252 -0.895185
0 2.62991 -0.884298
0 2.62858 -0.844651
0 2.63437 -0.828131
0 2.62804 -0.810576
0 2.6093 -0.803857
0 2.59954 -0.808701
0 2.57574 -0.815032
0 2.55833 -0.82488
0 2.52658 -0.832189
0 2.32477 -1.03576
0 2.17532 -1.18461
0 2.10281 -1.24838
0 2.02115 -1.33124
0 1.78102 -1.51253
0 1.67699 -1.22958
0 1.64195 -1.11847
0 1.60525 -1.00932
0 1.50998 -0.955071
0 1.48875 -0.890798
0 1.46395 -0.840736
0 1.48501 -0.830179
0 1.46583 -0.774645
0 1.46697 -0.719398
0 1.47011 -0.628514
0 1.48138 -0.591135
0 1.48896 -0.568491
0 1.48953 -0.49505
0 1.50209 -0.445227
0 1.50981 -0.417574
0 1.48222 -0.317905
0 1.47122 -0.271979
0 1.48605 -0.244184
0 1.49607 -0.232655
0 1.47354 -0.204271
0 1.47707 -0.186583
0 3.17399 -2.7331
0 3.94459 -3.55745
0 4.29125 -3.78363
0 4.79859 -3.30224
0 5.08064 -2.94307
0 5.22527 -2.68596
0 5.33348 -2.49271
0 5.39297 -2.33419
0 5.49751 -1.9879
0 5.58095 -1.74137
0 5.63241 -1.56268
0 5.69051 -1.19976
0 5.7588 -0.967881
0 5.75633 -0.779006
0 5.8135 -0.606138
0 5.82561 -0.327089
0 5.88821 -0.182112
0 5.90745 -0.206716
0 5.86758 -0.513969
0 5.78913 -0.749866
0 5.66386 -1.21912
0 5.38114 -1.95821
0 5.16197 -2.43287
0 4.79176 -3.03398
0 4.59766 -3.32683
0 4.45589 -3.50322
0 1.92089 -4.84302
0 0.646949 -5.32162
0 1.27389 -4.56838
0 1.61558 -4.19465
0 1.83503 -3.97148
0 1.97449 -3.82484
0 2.11678 -3.68255
0 2.30764 -3.48776
0 2.48922 -3.26416
0 2.5993 -3.11391
0 2.754 -2.90888
0 2.86004 -2.78526
0 2.93461 -2.63117
0 2.99868 -2.51023
0 3.08391 -2.39984
0 3.16537 -2.30892
0 3.16055 -2.23437
0 3.22345 -2.09426
0 3.28233 -1.98343
0 3.33985 -1.88094
0 3.387 -1.77921
0 3.45975 -1.4567
0 3.50823 -1.26745
0 3.53437 -1.15777
0 3.55086 -0.880147
0 3.57399 -0.71508
0 3.57823 -0.612183
0 3.57055 -0.470763
0 3.55774 -0.286677
0 3.55285 -0.195313
0 3.542 -0.122216
0 3.53455 -0.0727516
0 1.42175 -0.0571767
0 0.620313 -0.065468
0 0.282066 -0.143371
0 0.157871 -0.186523
0 0.137405 -0.234502
0 0.174231 -0.261342
0 0.134435 -0.295312
0 0.125536 -0.319751
0 0.138104 -0.350976
0 0.167784 -0.390137
0 0.188058 -0.4782
0 0.187878 -0.543146
0 0.192816 -0.579293
0 0.202788 -0.602124
0 0.220096 -0.622045
0 0.27483 -0.73005
0 0.259146 -0.798981
0 0.259978 -0.830763
0 0.27379 -0.870783
0 0.275429 -0.930543
0 0.287509 -0.95007
0 0.325316 -0.972622
0 0.293357 -1.03072
0 0.274637 -1.06257
0 0.272872 -1.10468
0 0.285189 -1.11046
0 0.232434 -1.1554
0 3.79517 -0.638135
0 5.0865 -0.728523
0 5.52628 -0.945559
0 5.60369 -1.33702
0 5.60386 -1.56877
0 5.56462 -1.72961
0 5.49073 -1.91794
0 5.43467 -2.06189
0 5.28178 -2.39622
0 5.18544 -2.58427
0 5.10717 -2.73137
0 4.99481 -2.89476
0 4.90746 -3.02506
0 4.82129 -3.15042
0 4.70179 -3.33823
0 4.55501 -3.49156
0 4.3929 -3.70276
0 4.26329 -3.82445
0 3.92765 -4.17551
0 3.73924 -4.36899
0 3.40343 -4.61753
0 3.19295 -4.76195
0 3.04395 -4.86683
0 2.9073 -4.91183
0 2.68731 -5.0489
0 2.43537 -5.17216
0 2.22455 -5.28294
0 2.14348 -5.3157
0 2.1115 -5.3148
0 2.10012 -5.3054
0 2.0996 -5.2932
0 2.10189 -5.27855
0 2.1037 -5.26424
0 2.11465 -5.24833
0 2.12972 -5.22981
0 2.13429 -5.20828
0 2.14251 -5.18903
0 2.1218 -5.17385
0 2.11657 -5.15689
0 2.12077 -5.13609
0 2.1303 -5.08247
0 2.15169 -5.05303
0 2.13949 -5.0308
0 2.14025 -5.00991
0 2.13837 -4.99014
0 2.14129 -4.97549
0 2.14247 -4.96471
0 2.15289 -4.92392
0 2.15886 -4.89316
0 2.15678 -4.87964
0 2.15757 -4.87025
0 2.16239 -4.85333
0 2.16195 -4.83849
0 2.16232 -4.83117
0 2.16447 -4.82044
0 2.16892 -4.78285
0 2.1685 -4.76945
0 2.17438 -4.74968
0 2.17335 -4.75073
0 2.1775 -4.72227
0 2.1752 -4.70176
0 2.18552 -4.66103
0 2.19786 -4.63663
0 2.19007 -4.62586
0 2.18126 -4.61752
0 2.18177 -4.59542
0 2.19028 -4.55079
0 2.20554 -4.54159
0 2.19821 -4.51862
0 2.19737 -4.48809
0 2.2068 -4.43895
0 2.21488 -4.41459
0 2.2089 -4.39199
0 2.20629 -4.38393
0 2.21946 -4.26831
0 2.22496 -4.22634
0 2.23095 -4.2055
0 2.22424 -4.19071
0 2.22654 -4.17283
0 2.22844 -4.12337
0 2.23052 -4.08585
0 2.23148 -4.06655
0 2.23437 -4.00914
0 2.25164 -3.92722
0 2.25025 -3.88025
0 2.25226 -3.8632
0 2.2511 -3.8566
0 2.24998 -3.84785
0 2.25773 -3.81074
0 2.25599 -3.79304
0 2.25589 -3.78408
0 2.25656 -3.75828
0 2.26731 -3.72602
0 2.26785 -3.68782
0 2.27823 -3.62342
0 2.27482 -3.58934
0 2.28068 -3.53588
0 2.28381 -3.49589
0 2.28194 -3.43545
0 2.29168 -3.4046
0 2.29166 -3.39125
0 2.28952 -3.38543
0 2.29308 -3.36944
0 2.29717 -3.31532
0 2.29718 -3.29034
0 2.30004 -3.27174
0 2.29637 -3.26668
0 2.30652 -3.22883
0 2.30758 -3.19396
0 2.31198 -3.12674
0 2.30611 -3.08791
0 2.31208 -3.07877
0 2.30962 -3.06855
0 2.31304 -3.05195
0 2.32831 -3.02535
0 2.32524 -3.00671
0 2.31855 -3.00259
0 2.31749 -2.99055
0 2.32893 -2.94146
0 2.32889 -2.92002
0 2.33302 -2.90691
0 2.32453 -2.89114
0 2.32289 -2.88585
0 2.32979 -2.82733
0 2.33517 -2.80285
0 2.33508 -2.75038
0 2.33586 -2.72724
0 2.33689 -2.71779
0 2.33795 -2.7061
0 2.3361 -2.63795
0 2.33264 -2.60377
0 2.34192 -2.52211
0 2.34803 -2.45321
0 2.38676 -2.36303
0 2.39888 -2.31267
0 2.41514 -2.22835
0 2.41984 -2.18117
0 2.44301 -2.12446
0 2.43634 -2.08957
0 2.42676 -2.06127
0 2.4359 -2.0206
0 2.41862 -2.005
0 2.39064 -1.99775
0 2.34211 -1.99432
0 2.30758 -1.99395
0 2.28046 -1.99088
0 2.2483 -1.97675
0 2.22568 -1.93451
0 2.20453 -1.90906
0 2.18307 -1.89546
0 2.16219 -1.88769
0 2.05671 -1.84563
0 2.00194 -1.82996
0 1.97046 -1.82325
0 1.94335 -1.81229
0 1.89795 -1.79165
0 1.84301 -1.67675
0 1.82587 -1.56471
0 1.81204 -1.50886
0 1.80093 -1.4784
0 1.77658 -1.41365
0 1.7415 -1.38182
0 1.71375 -1.36457
0 1.69846 -1.32808
0 1.65101 -1.28722
0 1.62211 -1.27036
0 1.61621 -1.23286
0 1.6057 -1.20491
0 1.59038 -1.18488
0 1.58116 -1.13175
0 1.56633 -1.10472
0 1.54899 -1.08358
0 1.56786 -1.04074
0 1.5345 -1.00462
0 1.50482 -0.931474
0 1.54524 -0.875206
0 1.50116 -0.82592
0 1.44835 -0.787184
0 1.47467 -0.756359
0 1.43442 -0.71629
0 1.42308 -0.663379
0 1.37744 -0.618326
0 1.3477 -0.589738
0 1.31383 -0.520484
0 1.29213 -0.487343
0 1.28497 -0.427356
0 1.25384 -0.398234
0 1.26626 -0.355297
0 1.22561 -0.31622
0 1.19113 -0.295754
0 1.23624 -0.264449
0 1.21824 -0.247234
0 1.14254 -0.208216
0 1.08585 -0.191138
0 3.51217 -2.63895
0 4.43309 -3.56188
0 4.7778 -3.9122
0 4.90568 -4.03534
0 4.94979 -4.07982
0 4.9665 -4.09385
0 4.95197 -4.08997
0 4.94474 -4.11417
0 4.93741 -4.11278
0 4.93158 -4.10357
0 4.9256 -4.09468
0 4.90804 -4.08138
0 4.90837 -4.07692
0 4.90404 -4.06784
0 4.90103 -4.05849
0 4.89776 -4.05309
0 4.88026 -4.06684
0 4.87417 -4.08889
0 4.86958 -4.09417
0 4.86852 -4.09359
0 4.86157 -4.07946
0 4.85925 -4.08511
0 4.85774 -4.08334
0 4.85554 -4.0755
0 4.84994 -4.07338
0 4.84473 -4.06665
0 4.84985 -4.06295
0 4.84401 -4.05596
0 4.83222 -4.04839
0 4.83064 -4.04191
0 4.83045 -4.03523
0 4.83255 -4.02464
0 4.84871 -4.0238
0 4.82746 -4.01994
0 4.83891 -4.01596
0 4.82536 -4.00849
0 4.81781 -4.00304
0 4.82202 -3.99898
0 4.80956 -3.9985
0 4.80657 -3.98715
0 4.80788 -3.98558
0 4.79866 -3.98411
0 4.79934 -3.98252
0 4.79656 -3.98227
0 4.80116 -3.97687
0 4.80043 -3.97479
0 4.79703 -3.96837
0 4.80079 -3.96734
0 4.80091 -3.96716
0 4.801 -3.96396
0 4.79109 -3.94959
0 4.78762 -3.94191
0 4.78561 -3.93462
0 4.77749 -3.92924
0 4.78132 -3.92711
0 4.78119 -3.92167
0 4.7748 -3.91765
0 4.77566 -3.87434
0 4.77188 -3.86229
0 4.77281 -3.84929
0 4.778 -3.84189
0 4.78171 -3.83475
0 4.78387 -3.83335
0 4.78293 -3.83539
0 4.77756 -3.82955
0 4.77409 -3.82266
0 4.7687 -3.81467
0 4.76955 -3.80844
0 4.77092 -3.81139
0 4.76915 -3.80828
0 4.76311 -3.80276
0 4.78238 -3.76844
0 4.77923 -3.7497
0 4.78447 -3.73743
0 4.78111 -3.73319
0 4.77643 -3.72877
0 4.77159 -3.7222
0 4.7672 -3.71875
0 4.76972 -3.70964
0 4.76859 -3.70601
0 4.76602 -3.70327
0 4.76226 -3.70176
0 4.76176 -3.66253
0 4.76834 -3.64924
0 4.77133 -3.6431
0 4.77592 -3.63393
0 4.7711 -3.62545
0 4.76828 -3.62326
0 4.76875 -3.61413
0 4.7646 -3.606
0 4.75931 -3.60299
0 4.76357 -3.60131
0 4.76195 -3.56761
0 4.76079 -3.55318
0 4.77081 -3.54246
0 4.77366 -3.53786
0 4.76888 -3.529
0 4.76164 -3.52158
0 4.76513 -3.51339
0 4.757 -3.50611
0 4.75628 -3.4982
0 4.76269 -3.46339
0 4.77366 -3.45168
0 4.7667 -3.44709
0 4.766 -3.43109
0 4.76363 -3.41141
0 4.77044 -3.37021
0 4.77244 -3.33985
0 4.76854 -3.32257
0 4.76321 -3.3099
0 4.75657 -3.29541
0 4.76447 -3.26064
0 4.77601 -3.24251
0 4.77354 -3.24131
0 4.76623 -3.2351
0 4.76618 -3.22224
0 4.76207 -3.21438
0 4.76252 -3.20864
0 4.7998 -3.1635
0 4.78892 -3.14354
0 4.77372 -3.10461
0 4.76386 -3.05611
0 4.76794 -3.0348
0 4.76632 -3.02458
0 4.76467 -3.01348
0 4.76038 -3.00915
0 4.76041 -2.9972
0 4.75461 -2.99186
0 4.76265 -2.95541
0 4.76691 -2.93155
0 4.75837 -2.90943
0 4.82463 -2.86562
0 4.81815 -2.8442
0 4.78891 -2.8347
0 4.77175 -2.82445
0 4.76102 -2.81411
0 4.76442 -2.75749
0 4.76976 -2.73385
0 4.76218 -2.7162
0 4.75969 -2.70648
0 4.75238 -2.69726
0 4.7541 -2.69232
0 4.75126 -2.65836
0 4.77048 -2.64376
0 4.76839 -2.62794
0 4.76815 -2.61922
0 4.75773 -2.60717
0 4.7523 -2.59966
0 4.74825 -2.56106
0 4.77149 -2.54488
0 4.7608 -2.5316
0 4.75359 -2.51925
0 4.74409 -2.50828
0 4.73377 -2.50246
0 4.70335 -2.50846
0 4.68321 -2.52101
0 4.57457 -2.61193
0 4.50602 -2.69558
0 4.40506 -2.806
0 4.31753 -2.90474
0 4.03268 -3.17303
0 3.86246 -3.32289
0 3.76156 -3.39987
0 3.62801 -3.49699
0 3.4057 -3.59989
0 3.33248 -3.63539
0 3.39684 -3.43051
0 3.44922 -3.2775
0 3.48597 -3.15577
0 3.46491 -3.10138
0 3.44141 -3.06993
0 3.42219 -3.06157
0 3.38497 -3.05253
0 3.38185 -2.99365
0 3.3791 -2.96091
0 3.36346 -2.89318
0 3.31076 -2.85428
0 3.27213 -2.84177
0 3.25038 -2.83103
0 3.22113 -2.8285
0 3.20019 -2.82575
0 3.18909 -2.77353
0 3.19435 -2.75171
0 3.18489 -2.74419
0 3.17528 -2.73136
0 3.14211 -2.6583
0 3.14444 -2.58029
0 3.14902 -2.5372
0 3.18233 -2.439
0 3.20113 -2.35316
0 3.20656 -2.31306
0 3.21991 -2.24747
0 3.22073 -2.13067
0 3.22924 -2.0158
0 3.23318 -1.92796
0 3.24374 -1.81107
0 3.22263 -1.71275
0 3.18684 -1.6765
0 3.15648 -1.66733
0 3.13654 -1.66541
0 3.11333 -1.66786
0 3.09455 -1.67277
0 3.03997 -1.61787
0 3.01103 -1.59351
0 2.98602 -1.58062
0 2.96505 -1.49487
0 2.95587 -1.41963
0 2.95282 -1.38373
0 2.93879 -1.29899
0 2.92615 -1.26626
0 2.88413 -1.26463
0 2.85428 -1.27126
0 2.79188 -1.27678
0 2.76717 -1.27979
0 2.73406 -1.28209
0 2.71322 -1.28394
0 2.69515 -1.28177
0 2.64989 -1.22052
0 2.60834 -1.13649
0 2.5927 -1.04082
0 2.59072 -0.991962
0 2.58241 -0.927333
0 2.57236 -0.829797
0 2.57804 -0.787274
0 2.5548 -0.721377
0 2.52857 -0.693135
0 2.51162 -0.680754
0 2.50433 -0.678374
0 2.47947 -0.672451
0 2.47669 -0.670485
0 2.44895 -0.622068
0 2.4359 -0.598126
0 2.41946 -0.532981
0 2.4114 -0.500785
0 2.40248 -0.48066
0 2.39682 -0.428611
0 2.38897 -0.39732
0 2.37442 -0.325688
0 2.36306 -0.287792
0 2.35533 -0.227662
0 2.34567 -0.195151
0 1.23628 -2.52432
0 0.854754 -3.39219
0 0.849085 -3.64983
0 0.910908 -3.72275
0 1.02 -3.68228
0 1.16266 -3.58649
0 1.28014 -3.52398
0 1.35559 -3.43668
0 1.46005 -3.31853
0 1.51624 -3.26271
0 1.53405 -3.17457
0 1.55916 -3.13291
0 1.57386 -3.10268
0 1.58154 -3.08057
0 1.57626 -3.05945
0 1.58265 -3.00346
0 1.59799 -2.97096
0 1.60407 -2.94838
0 1.59146 -2.92532
0 1.60359 -2.8675
0 1.62439 -2.81587
0 1.64661 -2.75276
0 1.6626 -2.71903
0 1.66078 -2.68566
0 1.6857 -2.61649
0 1.69508 -2.58463
0 1.70005 -2.56487
0 1.71228 -2.47688
0 1.73173 -2.40054
0 1.74892 -2.36689
0 1.75813 -2.34349
0 1.76024 -2.32547
0 1.76701 -2.31376
0 1.78779 -2.26011
0 1.79434 -2.23535
0 1.79233 -2.21063
0 1.80465 -2.14395
0 1.83068 -2.06392
0 1.85084 -2.02394
0 1.84575 -2.00132
0 1.84493 -1.94267
0 1.81322 -1.9143
0 1.78425 -1.89991
0 1.76426 -1.89795
0 1.73881 -1.89388
0 1.71149 -1.89306
0 1.6725 -1.89621
0 1.64714 -1.90235
0 1.60642 -1.90367
0 1.55401 -1.9116
0 1.50054 -1.92132
0 1.39023 -1.9803
0 1.25051 -2.00632
0 1.16906 -2.01504
0 1.10517 -2.02787
0 1.06155 -2.03828
0 1.02027 -2.03372
0 0.952099 -1.97001
0 0.916371 -1.94556
0 0.906854 -1.93171
0 0.912596 -1.85492
0 0.972932 -1.69836
0 1.0017 -1.63061
0 1.04947 -1.53103
0 1.07063 -1.43965
0 1.09679 -1.39593
0 1.09672 -1.37504
0 1.10712 -1.32207
0 1.13039 -1.22549
0 1.13816 -1.18401
0 1.14542 -1.105
0 1.15438 -1.02125
0 1.15997 -0.985806
0 1.15786 -0.904816
0 1.15192 -0.809274
0 1.14396 -0.709627
0 1.13838 -0.652299
0 1.12917 -0.591219
0 1.11079 -0.506288
0 1.11176 -0.463635
0 1.08894 -0.398693
0 1.05709 -0.340828
0 1.06 -0.283289
0 1.03855 -0.253284
0 1.01492 -0.232337
0 0.991499 -0.176608
0 0.964914 -0.150475
0 0.676167 -1.92697
0 1.43609 -1.87112
0 1.84999 -1.64879
0 2.05034 -1.48018
0 2.15602 -1.35311
0 2.2417 -1.16275
0 2.33013 -0.943571
0 2.4286 -0.52912
0 2.17909 -0.280289
0 2.05978 -0.195646
0 1.98617 -0.168275
0 1.90785 -0.27653
0 1.85945 -0.329432
0 1.84264 -0.403646
0 1.81736 -0.408748
0 1.81008 -0.409021
0 1.80607 -0.402646
0 1.80161 -0.301199
0 1.79231 -0.234171
0 0.776261 -3.09394
0 0.657337 -4.11337
0 0.674166 -4.47242
0 0.956495 -4.5209
0 1.15407 -4.46979
0 1.26309 -4.42641
0 1.3252 -4.38764
0 1.38726 -4.30947
0 1.40969 -4.26972
0 1.4194 -4.2489
0 1.41992 -4.22131
0 1.42194 -4.19449
0 1.42686 -4.17485
0 1.42993 -4.14326
0 1.43506 -4.12383
0 1.4574 -4.06435
0 1.47009 -4.03609
0 1.47409 -4.01088
0 1.47718 -4.00057
0 1.48853 -3.97706
0 1.49686 -3.94452
0 1.50682 -3.89253
0 1.52057 -3.87022
0 1.52306 -3.84405
0 1.52695 -3.82626
0 1.53271 -3.81278
0 1.53852 -3.80788
0 1.54367 -3.78616
0 1.56048 -3.7411
0 1.59315 -3.72306
0 1.60134 -3.63709
0 1.60925 -3.59952
0 1.61492 -3.57662
0 1.61779 -3.55866
0 1.62182 -3.54265
0 1.64731 -3.48969
0 1.65438 -3.45401
0 1.66107 -3.43306
0 1.66186 -3.41051
0 1.66215 -3.40137
0 1.6806 -3.36483
0 1.67491 -3.34518
0 1.68284 -3.32816
0 1.68857 -3.32569
0 1.6881 -3.30799
0 1.69377 -3.29253
0 1.71598 -3.25084
0 1.70591 -3.23296
0 1.69906 -3.22282
0 1.696 -3.21166
0 1.69374 -3.20934
0 1.69037 -3.19794
0 1.68934 -3.18852
0 1.70673 -3.15809
0 1.69681 -3.12811
0 1.68966 -3.10915
0 1.70363 -3.05707
0 1.70021 -3.02991
0 1.69056 -3.00466
0 1.68394 -2.97902
0 1.7453 -2.94438
0 1.70241 -2.92414
0 1.69372 -2.91088
0 1.68017 -2.88659
0 1.67714 -2.86904
0 1.71762 -2.82904
0 1.69909 -2.82007
0 1.68143 -2.78872
0 1.69752 -2.74124
0 1.68411 -2.70913
0 1.6793 -2.67866
0 1.696 -2.63067
0 1.68949 -2.61941
0 1.67739 -2.59613
0 1.67173 -2.59413
0 1.67265 -2.58312
0 1.66612 -2.57359
0 1.68555 -2.56089
0 1.67371 -2.52792
0 1.66926 -2.49848
0 1.68981 -2.46573
0 1.6864 -2.42982
0 1.67519 -2.41628
0 1.66912 -2.40005
0 1.69102 -2.35089
0 1.68147 -2.32162
0 1.67283 -2.30618
0 1.66491 -2.295
0 1.66199 -2.2805
0 1.66178 -2.23262
0 1.65903 -2.19401
0 1.65531 -2.17906
0 1.66896 -2.13849
0 1.67311 -2.12409
0 1.66898 -2.11563
0 1.66263 -2.09968
0 1.69708 -2.06826
0 1.68322 -2.03729
0 1.67107 -2.01887
0 1.6644 -2.00832
0 1.65876 -2.00294
0 1.65113 -1.92087
0 1.66871 -1.87303
0 1.66054 -1.83251
0 1.65415 -1.8123
0 1.64767 -1.80096
0 1.6454 -1.7693
0 1.64707 -1.72756
0 1.6433 -1.70688
0 1.63783 -1.68501
0 1.64819 -1.63934
0 1.64353 -1.60738
0 1.64046 -1.58991
0 1.64361 -1.53947
0 1.64352 -1.51283
0 1.63482 -1.48913
0 1.67705 -1.46403
0 1.66707 -1.4588
0 1.65197 -1.42608
0 1.64111 -1.41319
0 1.63504 -1.396
0 1.62969 -1.35059
0 1.6344 -1.32225
0 1.63323 -1.30709
0 1.628 -1.29484
0 1.6227 -1.2701
0 1.62548 -1.22207
0 1.62785 -1.15071
0 1.62733 -1.11712
0 1.62143 -1.03969
0 1.61366 -1.00708
0 1.60386 -0.990226
0 1.60055 -0.938878
0 1.58362 -0.906779
0 1.56572 -0.8805
0 1.56924 -0.834301
0 1.5528 -0.80365
0 1.52759 -0.719495
0 1.55412 -0.666176
0 1.50441 -0.600473
0 1.52685 -0.553887
0 1.54162 -0.47796
0 1.4664 -0.411464
0 1.47742 -0.295118
0 1.36476 -0.202995
0 1.29718 -0.163669
0 0.520261 -2.3892
0 0.234676 -3.22776
0 1.08279 -2.58319
0 1.51962 -2.18746
0 1.7084 -1.97285
0 1.81957 -1.8072
0 1.91836 -1.60713
0 1.9746 -1.46059
0 1.99865 -1.33784
0 2.01576 -1.27103
0 2.018 -1.20062
0 2.02117 -1.10328
0 2.03115 -1.05826
0 2.0226 -1.02848
0 1.99729 -0.972254
0 1.9714 -0.951041
0 1.93984 -0.93618
0 1.9252 -0.930143
0 1.85973 -0.92918
0 1.82329 -0.931503
0 1.79366 -0.936103
0 1.76786 -0.942174
0 1.74417 -0.94296
0 1.72053 -0.945112
0 1.68542 -0.937924
0 1.65847 -0.876899
0 1.63754 -0.837094
0 1.62399 -0.768014
0 1.61413 -0.660227
0 1.52432 -0.413391
0 1.48445 -0.314858
0 1.45902 -0.232936
0 1.43542 -0.203711
0 1.41604 -0.192732
0 1.39941 -0.192902
0 1.38691 -0.195188
0 1.3712 -0.197803
0 1.34479 -0.19847
0 1.3274 -0.195156
0 1.31575 -0.189883
0 3.6067 0.427825
0 4.47749 0.6856
0 4.85625 0.783853
0 5.00247 0.838435
0 5.03527 0.860378
0 5.02798 0.875537
0 5.0116 0.890701
0 4.98747 0.903567
0 5.02264 0.919294
0 5.02053 0.933208
0 5.01048 0.947788
0 4.99599 0.955355
0 4.97291 0.967652
0 4.94677 0.981746
0 4.9692 1.01195
0 4.94622 1.05118
0 4.96554 1.09051
0 4.95353 1.12803
0 4.96582 1.15899
0 4.96474 1.18171
0 4.95125 1.20195
0 4.91579 1.23239
0 4.93891 1.24563
0 4.93955 1.2622
0 4.92751 1.28075
0 4.90917 1.29698
0 4.92608 1.31328
0 4.92143 1.32379
0 4.91208 1.35341
0 4.89244 1.37785
0 4.91325 1.39582
0 4.90735 1.40688
0 4.89019 1.42236
0 4.87733 1.43806
0 4.8877 1.47627
0 4.88181 1.50334
0 4.89636 1.52468
0 4.88877 1.53619
0 4.87972 1.55387
0 4.87293 1.57217
0 4.89129 1.59087
0 4.88818 1.6014
0 4.877 1.61791
0 4.89237 1.63554
0 4.89086 1.65477
0 4.8774 1.66987
0 4.8635 1.68563
0 4.88871 1.70328
0 4.89175 1.72494
0 4.8783 1.73465
0 4.88127 1.74918
0 4.88351 1.7688
0 4.87298 1.78087
0 4.88312 1.79709
0 4.87796 1.81515
0 4.8688 1.82512
0 4.8574 1.84452
0 4.86285 1.87765
0 4.85948 1.89724
0 4.85733 1.93
0 4.8614 1.94378
0 4.8731 1.96625
0 4.87053 1.98901
0 4.86328 2.00012
0 4.86587 2.01663
0 4.86212 2.03526
0 4.8573 2.0462
0 4.86885 2.06313
0 4.86719 2.10327
0 4.86304 2.15927
0 4.8688 2.20861
0 4.8667 2.2408
0 4.85488 2.27375
0 4.85966 2.29671
0 4.86499 2.3206
0 4.86747 2.35044
0 4.85831 2.36272
0 4.86841 2.40378
0 4.86523 2.42219
0 4.86097 2.4426
0 4.86772 2.46169
0 4.85785 2.47551
0 4.86381 2.48939
0 4.85765 2.53595
0 4.86052 2.56811
0 4.85949 2.60298
0 4.86207 2.63244
0 4.86338 2.66115
0 4.87397 2.6854
0 4.86495 2.69962
0 4.85311 2.71307
0 4.85932 2.74902
0 4.85341 2.77438
0 4.86357 2.82545
0 4.85193 2.85563
0 4.86064 2.86751
0 4.86142 2.89418
0 4.8661 2.92148
0 4.85044 2.93904
0 4.85503 2.94988
0 4.86419 2.99855
0 4.85522 3.03184
0 4.86675 3.04213
0 4.85777 3.05076
0 4.85541 3.06658
0 4.85283 3.08032
0 4.85126 3.09667
0 4.86936 3.1461
0 4.85765 3.17929
0 4.86633 3.19519
0 4.8554 3.20657
0 4.85774 3.21822
0 4.86835 3.22353
0 4.87628 3.26865
0 4.87828 3.34818
0 4.86513 3.38536
0 4.85528 3.41108
0 4.86239 3.4272
0 4.86505 3.44635
0 4.85856 3.45164
0 4.85927 3.45906
0 4.86931 3.47496
0 4.86405 3.48486
0 4.86611 3.48601
0 4.86501 3.5013
0 4.86149 3.50845
0 4.86956 3.51758
0 4.85845 3.53036
0 4.86115 3.54088
0 4.86574 3.56077
0 4.86137 3.56903
0 4.87093 3.5749
0 4.8693 3.59456
0 4.86107 3.62235
0 4.85993 3.63634
0 4.86574 3.64265
0 4.87178 3.66852
0 4.86213 3.69401
0 4.86266 3.70256
0 4.86657 3.70927
0 4.86928 3.70698
0 4.85887 3.7241
0 4.85977 3.72937
0 4.86433 3.73527
0 4.86893 3.73858
0 4.86885 3.74038
0 4.86036 3.75761
0 4.86675 3.76486
0 4.8664 3.76847
0 4.86791 3.77195
0 4.85615 3.77256
0 4.85747 3.78171
0 4.8651 3.79086
0 4.86648 3.79705
0 4.86863 3.80067
0 4.85554 3.80451
0 4.85744 3.80231
0 4.85536 3.82139
0 4.85775 3.8292
0 4.8651 3.83364
0 4.8686 3.83548
0 4.86199 3.83717
0 4.86073 3.83701
0 4.86613 3.85391
0 4.8567 3.86747
0 4.85174 3.87601
0 4.85885 3.88075
0 4.86028 3.89183
0 4.86515 3.89689
0 4.86723 3.89803
0 4.87036 3.90026
0 4.8684 3.90146
0 4.86086 3.9001
0 4.86363 3.90562
0 4.85789 3.92106
0 4.86107 3.93344
0 4.86161 3.93273
0 4.86892 3.93303
0 4.87293 3.9372
0 4.86741 3.93735
0 4.86661 3.94263
0 4.86678 3.95951
0 4.86572 3.97035
0 4.86789 3.97164
0 4.87205 3.97522
0 4.87508 3.97506
0 4.86183 3.97524
0 4.85628 3.97856
0 4.85531 3.97533
0 4.85861 3.97829
0 4.85858 3.97676
0 4.85843 3.98122
0 4.8613 3.98046
0 4.8658 3.97804
0 4.86471 3.9825
0 4.86337 3.9828
0 4.86524 3.98159
0 4.85775 3.98061
0 4.85317 3.97904
0 4.85778 3.97716
0 4.85005 3.9728
0 4.8562 3.96987
0 4.86703 3.96909
0 4.87364 3.96648
0 4.87476 3.96031
0 4.8659 3.96142
0 4.86487 3.94373
0 4.86155 3.93609
0 4.85457 3.9285
0 4.86611 3.92492
0 4.86462 3.92842
0 4.86458 3.93409
0 4.86274 3.9264
0 4.85848 3.91886
0 4.85761 3.90743
0 4.855 3.89794
0 4.85969 3.8956
0 4.85118 3.89095
0 4.86072 3.89008
0 4.8646 3.88712
0 4.86568 3.88178
0 4.86916 3.88351
0 4.86573 3.87339
0 4.87039 3.85797
0 4.87265 3.84992
0 4.86681 3.85168
0 4.86053 3.83444
0 4.86148 3.82783
0 4.85663 3.81912
0 4.86569 3.81799
0 4.86408 3.8142
0 4.86355 3.81168
0 4.85357 3.80836
0 4.85685 3.78962
0 4.86819 3.78496
0 4.86833 3.77889
0 4.86027 3.77758
0 4.86413 3.77347
0 4.86131 3.75757
0 4.86757 3.7515
0 4.86577 3.7454
0 4.85715 3.73828
0 4.85154 3.72548
0 4.86467 3.71804
0 4.85988 3.7048
0 4.85764 3.70702
0 4.85126 3.68981
0 4.85412 3.67784
0 4.85677 3.67382
0 4.85059 3.65422
0 4.86105 3.64361
0 4.86634 3.61942
0 4.86237 3.60245
0 4.87377 3.59465
0 4.86683 3.57676
0 4.86131 3.57071
0 4.85858 3.56786
0 4.86317 3.5502
0 4.86236 3.54237
0 4.85817 3.51565
0 4.854 3.50139
0 4.86437 3.48104
0 4.85725 3.46963
0 4.85519 3.4446
0 4.85329 3.4291
0 4.87145 3.42534
0 4.86849 3.41399
0 4.85687 3.40673
0 4.85038 3.4009
0 4.85981 3.39395
0 4.86243 3.37566
0 4.85767 3.35231
0 4.86664 3.33819
0 4.87176 3.33101
0 4.86539 3.30378
0 4.85284 3.27944
0 4.86454 3.26929
0 4.85418 3.24854
0 4.86097 3.23444
0 4.85818 3.21706
0 4.8705 3.20901
0 4.85862 3.20141
0 4.84618 3.17814
0 4.86168 3.17109
0 4.85611 3.16528
0 4.86781 3.15251
0 4.86345 3.14478
0 4.85474 3.12546
0 4.85773 3.0872
0 4.86039 3.05877
0 4.85414 3.04584
0 4.86542 3.02791
0 4.85935 3.02232
0 4.86371 2.99431
0 4.85128 2.98177
0 4.85906 2.96783
0 4.86378 2.92174
0 4.85315 2.89783
0 4.86897 2.8766
0 4.86262 2.86301
0 4.86556 2.84681
0 4.8703 2.8363
0 4.86051 2.81306
0 4.86893 2.8042
0 4.86811 2.7866
0 4.86779 2.76163
0 4.87284 2.74968
0 4.86516 2.73168
0 4.84885 2.72128
0 4.85534 2.70345
0 4.86825 2.69455
0 4.86665 2.67337
0 4.8739 2.66419
0 4.87868 2.6424
0 4.86605 2.62266
0 4.866 2.60965
0 4.85989 2.59182
0 4.85084 2.56553
0 4.8603 2.55162
0 4.84747 2.53167
0 4.85297 2.51147
0 4.8534 2.48896
0 4.86532 2.47658
0 4.85224 2.4547
0 4.86104 2.44268
0 4.85873 2.41872
0 4.85332 2.36032
0 4.86002 2.34055
0 4.84618 2.31853
0 4.85453 2.30596
0 4.87408 2.28645
0 4.85819 2.26845
0 4.85764 2.23681
0 4.86779 2.21108
0 4.85938 2.18893
0 4.85599 2.1723
0 4.85156 2.15422
0 4.85315 2.14934
0 4.8623 2.13153
0 4.85736 2.06875
0 4.80801 2.05914
0 4.74877 2.08648
0 4.6665 2.15625
0 4.62973 2.212
0 4.5827 2.26867
0 4.52456 2.33867
0 4.47739 2.408
0 4.32787 2.56182
0 4.24407 2.62769
0 4.19147 2.65791
0 4.13835 2.69174
0 4.10195 2.70488
0 4.0707 2.70925
0 4.04322 2.70715
0 4.04482 2.688
0 4.0252 2.67096
0 4.02208 2.64211
0 4.00166 2.62157
0 4.00929 2.58287
0 3.99242 2.55396
0 3.99911 2.45969
0 4.01249 2.39289
0 4.01776 2.33445
0 4.03095 2.2842
0 4.02768 2.23433
0 4.01687 2.19549
0 4.01048 2.16568
0 4.00347 2.14288
0 3.99497 2.1463
0 3.94327 2.14567
0 3.91755 2.14461
0 3.8655 2.15998
0 3.83927 2.1806
0 3.80338 2.20023
0 3.76736 2.22667
0 3.72474 2.26532
0 3.67372 2.28911
0 3.62976 2.30822
0 3.59517 2.32425
0 3.57205 2.30239
0 3.55279 2.28576
0 3.52996 2.26396
0 3.52506 2.25345
0 3.50439 2.24385
0 3.51605 2.20891
0 3.50166 2.17724
0 3.51747 2.13236
0 3.51622 2.08673
0 3.53985 2.03733
0 3.53715 1.95429
0 3.54178 1.89879
0 3.53809 1.86587
0 3.54459 1.83464
0 3.53149 1.79767
0 3.52074 1.77283
0 3.53303 1.74515
0 3.53307 1.71463
0 3.50958 1.69552
0 3.50674 1.67353
0 3.49312 1.65673
0 3.48611 1.6467
0 3.46436 1.65139
0 3.43338 1.65769
0 3.42827 1.66152
0 3.41337 1.66568
0 3.38056 1.66933
0 3.36374 1.67055
0 3.36408 1.66139
0 3.35719 1.64491
0 3.35518 1.61417
0 3.33096 1.57866
0 3.33564 1.52622
0 3.31375 1.48842
0 3.31851 1.45483
0 3.29965 1.42846
0 3.31505 1.39262
0 3.29757 1.3666
0 3.28172 1.32097
0 3.26605 1.2679
0 3.23424 1.22778
0 3.24203 1.21767
0 3.1788 1.22181
0 3.18497 1.22546
0 3.15542 1.18445
0 3.10159 1.15821
0 3.08118 1.09326
0 3.00406 1.05796
0 2.92691 0.931166
0 2.89669 0.861177
0 2.88133 0.821271
0 2.87426 0.787094
0 2.8633 0.762631
0 2.86234 0.745033
0 2.84188 0.7339
0 2.8303 0.726606
0 2.82447 0.722658
0 2.81225 0.72028
0 2.79505 0.71485
0 2.77653 0.708303
0 2.75315 0.69423
0 2.73912 0.68969
0 2.73577 0.684077
0 2.72091 0.672499
0 2.7155 0.664035
0 2.69893 0.657166
0 2.68562 0.645356
0 2.68059 0.632536
0 2.67211 0.615539
0 2.66949 0.588758
0 2.64882 0.498475
0 2.62939 0.415904
0 2.63388 0.365564
0 2.61969 0.328533
0 2.61214 0.3083
0 2.60123 0.297775
0 2.59369 0.287119
0 2.57701 0.276159
0 2.61818 0.286047
0 2.61295 0.262807
0 2.63923 0.241137
0 2.66145 0.208225
0 2.66846 0.163684
0 2.62999 0.101777
0 2.60013 -0.0876746
0 2.58695 -0.165089
0 2.55199 -0.218295
0 2.51571 -0.242501
0 2.4699 -0.241079
0 2.45567 -0.239371
0 2.44926 -0.24455
0 2.3914 -0.361043
0 2.35368 -0.421315
0 2.35122 -0.460993
0 2.3304 -0.495043
0 2.28719 -0.593672
0 2.27356 -0.640109
0 2.25379 -0.657236
0 2.24639 -0.655617
0 2.23922 -0.655166
0 2.22664 -0.648659
0 2.21051 -0.645533
0 2.19597 -0.652785
0 2.17177 -0.673374
0 2.15895 -0.687075
0 2.14717 -0.695093
0 2.1388 -0.710483
0 2.12012 -0.73028
0 2.11463 -0.764107
0 2.09384 -0.819212
0 2.07037 -0.855036
0 2.04764 -0.907755
0 2.01559 -0.958083
0 1.99915 -0.98783
0 1.98313 -1.01054
0 1.97655 -1.03209
0 1.95584 -1.06647
0 1.94608 -1.09306
0 1.93541 -1.11263
0 1.9207 -1.11808
0 1.91682 -1.12485
0 1.9106 -1.12136
0 1.90782 -1.11803
0 1.90221 -1.11756
0 1.90052 -1.11593
0 1.88959 -1.10955
0 1.88854 -1.10453
0 1.88534 -1.09261
0 1.88101 -1.08458
0 1.8775 -1.08487
0 1.87367 -1.0754
0 1.87358 -1.0731
0 1.86181 -1.11141
0 1.84075 -1.14276
0 1.81828 -1.16831
0 1.79183 -1.21306
0 1.7791 -1.24247
0 1.74614 -1.28543
0 1.73489 -1.31581
0 1.721 -1.32585
0 1.71653 -1.34522
0 1.70769 -1.35682
0 1.68537 -1.38093
0 1.67754 -1.39543
0 1.66926 -1.41007
0 1.66133 -1.41426
0 1.65676 -1.42402
0 1.64266 -1.44265
0 1.62401 -1.46101
0 1.6006 -1.50296
0 1.57996 -1.53357
0 1.52256 -1.60566
0 1.49739 -1.63814
0 1.47161 -1.6657
0 1.45376 -1.69467
0 1.44088 -1.7125
0 1.42988 -1.73549
0 1.41612 -1.74359
0 1.40256 -1.75203
0 1.39802 -1.77042
0 1.38933 -1.7856
0 1.36552 -1.79058
0 1.36056 -1.80667
0 1.33087 -1.83809
0 1.31046 -1.85531
0 1.29308 -1.877
0 1.23405 -1.94625
0 1.20604 -1.97211
0 1.17742 -1.9977
0 1.16103 -2.02277
0 1.14312 -2.03682
0 1.12344 -2.05771
0 1.10948 -2.076
0 1.09244 -2.07518
0 1.09244 -2.08618
0 1.09403 -2.09217
0 1.09488 -2.07614
0 1.09688 -2.07701
0 1.09794 -2.08775
0 1.1066 -2.07668
0 1.10573 -2.08325
0 1.10385 -2.1057
0 1.09694 -2.09435
0 1.07624 -2.11959
0 1.02449 -2.14581
0 0.990196 -2.18352
0 0.941016 -2.19784
0 0.907522 -2.21985
0 0.87882 -2.24042
0 0.851377 -2.26907
0 0.828689 -2.26968
0 0.784083 -2.30703
0 0.747923 -2.31536
0 0.72901 -2.34737
0 0.716078 -2.37938
0 0.71353 -2.38606
0 0.779263 -2.25055
0 0.812981 -2.19616
0 0.873611 -2.15886
0 0.90763 -2.14324
0 0.924977 -2.13671
0 0.935391 -2.13735
0 0.928873 -2.15279
0 0.905027 -2.16156
0 0.844891 -2.19092
0 0.800421 -2.2141
0 0.750468 -2.24184
0 0.697304 -2.26244
0 0.637448 -2.28695
0 0.572754 -2.31477
0 0.504485 -2.34153
0 0.27468 -2.41183
0 0.175095 -2.44458
0 0.121227 -2.46411
0 0.085011 -2.47466
0 0.0550466 -2.48334
0 0.013277 -2.4983
0 -0.0155031 -2.50858
0 -0.0238419 -2.58718
0 -0.0169785 -2.64363
0 -0.00429586 -2.68359
0 0.0107518 -2.71359
0 0.0275657 -2.75607
0 0.0393658 -2.77359
0 0.0395298 -2.75408
0 0.0377836 -2.77638
0 0.0251358 -2.78136
0 0.0177768 -2.80674
0 0.00678711 -2.78655
0 0.0089852 -2.94641
0 0.0753197 -2.89831
0 0.135078 -2.8644
0 0.175728 -2.83685
0 0.223801 -2.80338
0 0.263432 -2.79665
0 0.372583 -2.75882
0 0.439732 -2.74611
0 0.497216 -2.72206
0 0.607943 -2.67249
0 0.678169 -2.63819
0 0.732387 -2.60564
0 0.810729 -2.56603
0 0.865521 -2.53434
0 0.91197 -2.49765
0 0.983052 -2.46501
0 1.03234 -2.43167
0 1.07699 -2.40754
0 1.11332 -2.37178
0 1.15439 -2.34567
0 1.22121 -2.28983
0 1.27866 -2.23264
0 1.33074 -2.18519
0 1.3858 -2.11886
0 1.48141 -2.00041
0 1.5292 -1.92941
0 1.56924 -1.88182
0 1.59805 -1.84414
0 1.62232 -1.79463
0 1.66278 -1.73024
0 1.68742 -1.66673
0 1.70543 -1.61753
0 1.73231 -1.54581
0 1.75263 -1.4903
0 1.77466 -1.44792
0 1.78531 -1.40679
0 1.80453 -1.35956
0 1.82461 -1.28552
0 1.84045 -1.23798
0 1.85992 -1.18832
0 1.8824 -1.07741
0 1.90452 -0.974031
0 1.9171 -0.907658
0 1.93144 -0.853497
0 1.93706 -0.810091
0 1.94207 -0.768293
0 1.94128 -0.725054
0 1.94578 -0.678392
0 1.95068 -0.617329
0 1.95078 -0.571269
0 1.95249 -0.52347
0 1.93378 -0.296339
0 1.92106 -0.187757
0 1.90643 -0.126172
0 1.89208 -0.0833563
0 1.87249 -0.0399371
0 1.85163 -0.00320564
0 1.8378 0.0565132
0 1.82023 0.0970354
0 1.80708 0.119534
0 1.78871 0.134641
0 1.77324 0.143659
0 1.75119 0.146652
0 1.73835 0.145337
0 1.71739 0.14516
0 1.68933 0.14551
0 1.67003 0.143975
0 1.64261 0.144375
0 1.61536 0.145634
0 1.60766 0.14233
0 1.57812 0.142507
0 1.56615 0.139776
0 1.55802 0.136906
0 1.48292 0.142993
0 1.41079 0.141677
0 1.33967 0.134978
0 1.27162 0.129294
0 1.22429 0.122759
0 1.19712 0.114928
0 1.15117 0.0806758
0 1.11733 0.0543848
0 1.09092 0.0341708
0 1.07206 0.0205163
0 1.05373 0.00532589
0 1.03589 -0.00644323
0 1.02329 -0.0198102
0 1.01151 -0.0325177
0 0.999326 -0.0483696
0 0.980188 -0.0643827
0 0.969351 -0.0895032
0 0.955906 -0.111453
0 0.942545 -0.135229
0 0.923111 -0.160251
0 0.913852 -0.182563
0 0.899924 -0.207901
0 0.879644 -0.234844
0 0.859329 -0.261707
0 0.844941 -0.284764
0 0.917472 -0.310682
0 0.944436 -0.363673
0 0.939802 -0.397997
0 0.926569 -0.434208
0 0.908553 -0.461915
0 0.892144 -0.489722
0 0.874704 -0.513264
0 0.856618 -0.540518
0 0.831598 -0.563668
0 0.80744 -0.589157
0 0.787553 -0.606
0 0.769014 -0.635277
0 0.741606 -0.657976
0 0.722726 -0.685411
0 0.695246 -0.705292
0 0.672707 -0.735307
0 0.652466 -0.754707
0 0.62975 -0.781088
0 0.6045 -0.804933
0 0.578908 -0.826943
0 0.556098 -0.850496
0 0.532063 -0.866698
0 0.487806 -0.899659
0 0.450133 -0.9225
0 0.425106 -0.945769
0 0.396028 -0.967996
0 0.330764 -1.0128
0 0.292998 -1.04344
0 0.243775 -1.06944
0 0.194476 -1.05689
0 0.168886 -1.06402
0 0.149458 -1.08542
0 0.133631 -1.10773
0 0.10543 -1.146
0 0.0851159 -1.18002
0 0.0691207 -1.2106
0 0.0511593 -1.23201
0 0.0339567 -1.26011
0 0.0178577 -1.29001
0 -0.00269205 -1.80856
0 -0.000602824 -2.00224
0 0.0128359 -2.0858
0 0.0278551 -2.11907
0 0.0788554 -2.16615
0 0.11125 -2.18919
0 0.137263 -2.20319
0 0.157393 -2.20809
0 0.237705 -2.23397
0 0.32041 -2.25024
0 0.3796 -2.24978
0 0.426332 -2.25067
0 0.533529 -2.2609
0 0.601242 -2.2658
0 0.677842 -2.25912
0 0.739005 -2.24855
0 0.788086 -2.2366
0 0.833192 -2.22721
0 0.912187 -2.21797
0 1.00126 -2.20171
0 1.09507 -2.17596
0 1.42264 -2.06704
0 1.54928 -2.01046
0 1.65666 -1.96868
0 1.70321 -1.92463
0 1.74591 -1.89642
0 1.82985 -1.8732
0 1.87527 -1.85367
0 1.93182 -1.82866
0 1.96362 -1.81531
0 2.006 -1.80537
0 2.00349 -1.80175
0 2.00082 -1.8122
0 1.99859 -1.83221
0 1.97777 -1.86206
0 1.98641 -1.8961
0 1.94644 -1.96104
0 1.89882 -2.00552
0 1.88435 -2.03968
0 1.84485 -2.09256
0 1.82791 -2.14345
0 1.8015 -2.17098
0 1.78552 -2.21847
0 1.75263 -2.24784
0 1.75656 -2.31022
0 1.76844 -2.33582
0 1.81439 -2.33842
0 1.82854 -2.35318
0 1.83706 -2.35862
0 1.84019 -2.3669
0 1.84741 -2.37444
0 1.85359 -2.377
0 1.88042 -2.38162
0 1.88351 -2.39737
0 1.86945 -2.41201
0 1.85187 -2.44407
0 1.82444 -2.48147
0 1.80453 -2.50958
0 1.78205 -2.52406
0 1.77612 -2.54655
0 1.7526 -2.58185
0 1.73453 -2.62329
0 1.71054 -2.67577
0 1.70395 -2.68891
0 1.69264 -2.70786
0 1.7243 -2.71138
0 1.75944 -2.7147
0 1.78334 -2.70404
0 1.81191 -2.71529
0 1.82911 -2.74245
0 1.83753 -2.74767
0 1.84558 -2.74657
0 1.843 -2.74906
0 1.85319 -2.76109
0 1.84007 -2.77528
0 1.82311 -2.79729
0 1.79148 -2.85253
0 1.75822 -2.88897
0 1.72974 -2.92612
0 1.69968 -2.95154
0 1.68318 -2.96741
0 1.67171 -2.98009
0 1.65825 -3.01172
0 1.63323 -3.03726
0 1.61859 -3.0538
0 1.61693 -3.06194
0 1.61504 -3.06102
0 1.64435 -3.06964
0 1.662 -3.06189
0 1.68817 -3.05771
0 1.70371 -3.05903
0 1.72204 -3.05753
0 1.73241 -3.06515
0 1.74671 -3.06036
0 1.75897 -3.06845
0 1.77315 -3.07301
0 1.79404 -3.08876
0 1.82474 -3.0932
0 1.84541 -3.09223
0 1.85634 -3.09438
0 1.86875 -3.09881
0 1.88187 -3.10773
0 1.85973 -3.15302
0 1.82462 -3.18816
0 1.77343 -3.21863
0 1.66299 -3.29792
0 1.56216 -3.35424
0 1.46463 -3.39762
0 1.30958 -3.48021
0 1.00211 -3.62331
0 0.822293 -3.69915
0 0.625528 -3.78166
0 0.491469 -3.83022
0 0.375002 -3.86682
0 0.265044 -3.89231
0 0.18009 -3.91766
0 0.0871177 -3.96499
0 0.0246753 -3.98476
0 -0.0261118 -4.05985
0 -0.0278282 -4.29852
0 0.435585 -4.34461
0 0.682212 -4.33344
0 0.837082 -4.32011
0 0.961876 -4.28337
0 1.08452 -4.26455
0 1.1941 -4.23457
0 1.30231 -4.20418
0 1.41684 -4.17197
0 1.65783 -4.08472
0 1.81812 -4.02362
0 1.93603 -3.97231
0 2.0386 -3.91879
0 2.19979 -3.8329
0 2.33031 -3.76254
0 2.42702 -3.70205
0 2.52965 -3.64247
0 2.6919 -3.53156
0 2.88674 -3.39958
0 3.00683 -3.30289
0 3.10487 -3.21554
0 3.19226 -3.13157
0 3.28753 -3.04764
0 3.5783 -2.72626
0 3.78331 -2.48435
0 3.90822 -2.32739
0 3.99294 -2.2228
0 4.09416 -2.03432
0 4.17211 -1.89657
0 4.23578 -1.77855
0 4.28168 -1.66346
0 4.41014 -1.31576
0 4.48069 -1.11373
0 4.51859 -0.96269
0 4.54576 -0.833739
0 4.56726 -0.710451
0 4.58268 -0.582538
0 4.59473 -0.460401
0 4.61296 -0.340357
0 4.64139 -0.049863
0 4.65456 0.306683
0 4.65411 0.509653
0 4.65146 0.661522
0 4.631 0.783777
0 4.61784 0.899211
0 4.59141 1.00629
0 4.55047 1.20919
0 4.52153 1.35254
0 4.48244 1.46614
0 4.46258 1.58986
0 4.41989 1.70301
0 4.38896 1.80282
0 4.34535 1.91437
0 4.30692 2.01121
0 4.2601 2.1586
0 4.22009 2.25912
0 4.18823 2.32694
0 4.14867 2.38056
0 4.13448 2.43417
0 4.08643 2.51505
0 4.05873 2.56798
0 4.04878 2.60739
0 4.0347 2.61859
0 4.01872 2.6332
0 4.00162 2.64011
0 3.98188 2.6904
0 3.95778 2.72665
0 3.95198 2.752
0 3.93578 2.75653
0 3.9281 2.77245
0 3.92714 2.78464
0 3.91714 2.77836
0 3.91703 2.79161
0 3.89631 2.79396
0 3.89686 2.79795
0 3.88994 2.79829
0 3.8828 2.79598
0 3.8838 2.79983
0 3.87923 2.81048
0 3.86911 2.82821
0 3.85789 2.82703
0 3.8571 2.82202
0 3.85723 2.81819
0 3.84868 2.82261
0 3.83618 2.84108
0 3.83294 2.83762
0 3.83068 2.83062
0 3.82304 2.8389
0 3.80826 2.83586
0 3.80717 2.84684
0 3.79976 2.83993
0 3.79363 2.85418
0 3.78897 2.85923
0 3.7688 2.86337
0 3.76073 2.87288
0 3.75177 2.87689
0 3.74748 2.87243
0 3.73302 2.8757
0 3.72283 2.88322
0 3.71347 2.87318
0 3.71707 2.88484
0 3.71297 2.88098
0 3.70449 2.8805
0 3.69108 2.88739
0 3.69168 2.89052
0 3.67986 2.87951
0 3.67884 2.88691
0 3.6653 2.88944
0 3.66345 2.88932
0 3.65445 2.88464
0 3.64587 2.89121
0 3.63974 2.89824
0 3.63846 2.89546
0 3.62857 2.88643
0 3.6337 2.8745
0 3.63099 2.86563
0 3.62726 2.85368
0 3.61433 2.84681
0 3.61725 2.84972
0 3.61132 2.84815
0 3.60511 2.83409
0 3.61186 2.83957
0 3.60352 2.81686
0 3.59218 2.80497
0 3.59636 2.80203
0 3.59466 2.79542
0 3.58544 2.77073
0 3.57918 2.76012
0 3.57062 2.74681
0 3.5673 2.74865
0 3.56793 2.73184
0 3.5588 2.71149
0 3.54941 2.70363
0 3.55017 2.70508
0 3.55064 2.69632
0 3.54576 2.68461
0 3.5396 2.67367
0 3.53258 2.66082
0 3.52016 2.6385
0 3.51472 2.61884
0 3.51124 2.61776
0 3.4938 2.56684
0 3.48181 2.5457
0 3.48194 2.54233
0 3.47115 2.52757
0 3.46605 2.51206
0 3.45913 2.50045
0 3.45957 2.49181
0 3.45938 2.49051
0 3.45189 2.48924
0 3.44644 2.47463
0 3.43649 2.46357
0 3.42091 2.44746
0 3.42373 2.43342
0 3.42423 2.42516
0 3.41966 2.42631
0 3.40698 2.41823
0 3.39621 2.39559
0 3.39037 2.37716
0 3.38186 2.35678
0 3.36797 2.3257
0 3.36468 2.31327
0 3.35758 2.30167
0 3.33848 2.2526
0 3.32483 2.22223
0 3.30979 2.19951
0 3.30715 2.17662
0 3.29052 2.16244
0 3.29018 2.13405
0 3.27577 2.10551
0 3.26244 2.09493
0 3.24322 2.07374
0 3.25067 2.06588
0 3.24757 2.04687
0 3.24203 2.03815
0 3.22856 2.02174
0 3.21766 2.00559
0 3.21574 1.9996
0 3.20225 1.97079
0 3.19346 1.94668
0 3.18041 1.91689
0 3.17439 1.90657
0 3.17573 1.90049
0 3.16694 1.88922
0 3.15548 1.8749
0 3.1582 1.85575
0 3.14237 1.85021
0 3.14304 1.82915
0 3.13395 1.82113
0 3.13033 1.80354
0 3.122 1.78296
0 3.11038 1.76189
0 3.09998 1.75509
0 3.09191 1.74309
0 3.08262 1.73079
0 3.07046 1.72194
0 3.04337 1.72004
0 3.01703 1.7318
0 2.98518 1.74655
0 2.95339 1.77095
0 2.90628 1.78951
0 2.87199 1.81745
0 2.82527 1.83989
0 2.77714 1.87906
0 2.73085 1.9084
0 2.65226 1.9685
0 2.59719 2.01166
0 2.5076 2.04957
0 2.46249 2.06958
0 2.40903 2.06576
0 2.37498 2.06253
0 2.34212 2.057
0 2.31839 2.05346
0 2.30173 2.04928
0 2.27424 1.9848
0 2.26443 1.94618
0 2.24527 1.89748
0 2.24127 1.86381
0 2.21473 1.82316
0 2.19772 1.80297
0 2.1714 1.78443
0 2.15661 1.77469
0 2.13263 1.77127
0 2.11249 1.75228
0 2.09376 1.74046
0 2.06979 1.72834
0 2.05579 1.71005
0 2.03945 1.69111
0 2.02358 1.67135
0 1.99749 1.65659
0 1.98606 1.63184
0 1.96687 1.61843
0 1.95542 1.60006
0 1.94505 1.58854
0 1.92335 1.56065
0 1.91163 1.53531
0 1.89932 1.50535
0 1.89458 1.48226
0 1.86884 1.42539
0 1.85303 1.38589
0 1.84043 1.35712
0 1.8221 1.34066
0 1.79736 1.32517
0 1.77431 1.31294
0 1.75283 1.31089
0 1.72921 1.30736
0 1.7069 1.30678
0 1.67659 1.3
0 1.6058 1.28012
0 1.54295 1.26292
0 1.50266 1.25312
0 1.48255 1.24286
0 1.45792 1.2296
0 1.4396 1.21442
0 1.42012 1.19803
0 1.4035 1.14944
0 1.39132 1.10649
0 1.37617 1.0703
0 1.37101 1.02989
0 1.35664 0.979134
0 1.34418 0.932784
0 1.32195 0.873869
0 1.30676 0.827885
0 1.2562 0.699068
0 1.21179 0.613158
0 1.16305 0.51965
0 1.13102 0.463271
0 1.10943 0.424727
0 1.09028 0.394719
0 1.06649 0.365752
0 1.05022 0.333257
0 1.03765 0.30302
0 1.01326 0.275066
0 0.989648 0.250029
0 0.974469 0.222893
0 0.951097 0.197246
0 0.924071 0.174038
0 0.899731 0.145943
0 0.87662 0.120157
0 0.824892 0.057795
0 0.781727 0.0165626
0 0.734996 -0.0306301
0 0.703888 -0.0624303
0 0.674105 -0.0875123
0 0.645312 -0.111616
0 0.612095 -0.134388
0 0.585127 -0.154803
0 0.558602 -0.178527
0 0.526236 -0.201118
0 0.495383 -0.220779
0 0.472408 -0.242022
0 0.433233 -0.258654
0 0.402215 -0.228427
0 0.371905 -0.189895
0 0.343351 -0.190736
0 0.327501 -0.199654
0 0.3107 -0.214293
0 0.290737 -0.230612
0 0.274186 -0.24514
0 0.258161 -0.255807
0 0.2509 -0.267592
0 0.241068 -0.279225
0 0.227931 -0.288514
0 0.215574 -0.306109
0 0.205087 -0.315654
0 0.192534 -0.327539
0 0.179438 -0.341964
0 0.163889 -0.349638
0 0.153049 -0.362249
0 0.137085 -0.379043
0 0.125553 -0.394581
0 0.118213 -0.403889
0 0.108153 -0.408302
0 0.172993 -0.409727
0 0.203214 -0.415009
0 0.211195 -0.438692
0 0.212395 -0.457262
0 0.203702 -0.468937
0 0.209771 -0.500082
0 0.204412 -0.516427
0 0.196343 -0.52543
0 0.191049 -0.537162
0 0.185552 -0.551198
0 0.180985 -0.569428
0 0.17187 -0.577042
0 0.165478 -0.586433
0 0.159528 -0.605287
0 0.153181 -0.619074
0 0.144297 -0.628448
0 0.137504 -0.641774
0 0.124487 -0.65347
0 0.0896735 -0.720891
0 0.0351193 -1.70634
0 0.0238534 -2.07136
0 0.0359326 -2.27053
0 0.0475459 -2.29223
0 0.070536 -2.36595
0 0.0919312 -2.41158
0 0.121071 -2.47056
0 0.14064 -2.5342
0 0.146274 -2.53788
0 0.143922 -2.57388
0 0.129984 -2.62056
0 0.0828269 -2.68171
0 0.0570425 -2.69967
0 0.0448357 -2.74171
0 0.0241507 -2.78736
0 0.0883779 -4.33839
0 0.14886 -4.90431
0 0.216162 -5.0988
0 0.321947 -5.16036
0 0.436832 -5.12897
0 0.646488 -5.08931
0 0.800887 -5.03852
0 0.94116 -4.98546
0 1.07364 -4.94764
0 1.42406 -4.78757
0 1.62883 -4.68952
0 1.78717 -4.61788
0 1.91815 -4.53593
0 2.18501 -4.39921
0 2.41609 -4.263
0 2.55265 -4.14863
0 2.69194 -4.05779
0 2.78997 -3.97723
0 2.88041 -3.89046
0 3.15045 -3.63915
0 3.36986 -3.42054
0 3.61571 -3.16493
0 3.80034 -2.92862
0 3.91052 -2.78032
0 3.97674 -2.65371
0 4.05641 -2.53747
0 4.17839 -2.29523
0 4.25697 -2.13577
0 4.30731 -2.00755
0 4.3609 -1.90158
0 4.43204 -1.64119
0 4.49746 -1.4505
0 4.53085 -1.3034
0 4.57219 -1.10085
0 4.58617 -0.961335
0 4.59086 -0.832158
0 4.60345 -0.635914
0 4.61072 -0.416789
0 4.5921 -0.20249
0 4.58484 -0.0470062
0 4.57293 0.0854606
0 4.55559 0.194449
0 4.53735 0.293714
0 4.51942 0.404077
0 4.50029 0.511091
0 4.45478 0.68255
0 4.39935 0.892444
0 4.34476 1.0239
0 4.29781 1.14175
0 4.24687 1.23725
0 4.18969 1.33357
0 4.14397 1.43239
0 4.08209 1.52155
0 4.02968 1.61156
0 3.98042 1.6938
0 3.89137 1.81325
0 3.77498 1.96215
0 3.62263 2.16659
0 3.52269 2.28984
0 3.36944 2.46481
0 3.26368 2.57017
0 3.0919 2.73465
0 2.91564 2.88314
0 2.80209 2.95768
0 2.70363 3.02766
0 2.62184 3.06736
0 2.5047 3.13234
0 2.41719 3.18633
0 2.35559 3.22691
0 2.30636 3.25213
0 2.19755 3.2879
0 2.12747 3.30931
0 2.08196 3.31351
0 2.04783 3.31501
0 2.03082 3.28965
0 2.02414 3.26316
0 2.02199 3.22255
0 2.01556 3.19315
0 2.02063 3.17381
0 2.0222 3.15185
0 2.01677 3.11162
0 2.00664 3.08768
0 2.00911 3.07112
0 2.00686 3.03682
0 2.00407 3.0155
0 2.00723 2.99917
0 2.00829 2.98599
0 2.0064 2.96028
0 2.00803 2.94063
0 2.00321 2.92721
0 2.0083 2.91293
0 2.00305 2.88273
0 1.99987 2.84262
0 1.99924 2.81927
0 1.99416 2.80726
0 1.98613 2.79087
0 1.98563 2.76673
0 1.98281 2.74814
0 1.98654 2.74309
0 1.98114 2.7391
0 1.98135 2.71952
0 1.97429 2.70239
0 1.97488 2.69283
0 1.97064 2.67333
0 1.97437 2.65808
0 1.97008 2.6354
0 1.96681 2.62771
0 1.96259 2.61117
0 1.96212 2.60618
0 1.96173 2.59269
0 1.95885 2.57638
0 1.95246 2.56015
0 1.95412 2.54759
0 1.95505 2.52885
0 1.94854 2.51606
0 1.94261 2.50737
0 1.93706 2.48752
0 1.93897 2.47403
0 1.9264 2.45063
0 1.92122 2.41575
0 1.92347 2.37154
0 1.91826 2.35856
0 1.90652 2.32064
0 1.89187 2.29745
0 1.88066 2.27651
0 1.86944 2.26045
0 1.86063 2.23382
0 1.85143 2.20348
0 1.84328 2.15799
0 1.84802 2.12137
0 1.85416 2.07773
0 1.871 2.0265
0 1.88533 1.96934
0 1.90706 1.90328
0 1.95471 1.75286
0 1.97963 1.6612
0 2.00642 1.57662
0 2.00978 1.50144
0 2.02169 1.43694
0 2.03043 1.37106
0 2.03792 1.30328
0 2.04916 1.19929
0 2.05287 1.127
0 2.04795 1.06733
0 2.04266 1.0102
0 2.02423 0.922796
0 2.01791 0.858368
0 2.00382 0.804368
0 1.98655 0.763236
0 1.96826 0.729588
0 1.91844 0.684608
0 1.88077 0.676174
0 1.85005 0.665736
0 1.81348 0.6556
0 1.77912 0.642861
0 1.76614 0.628825
0 1.7524 0.607037
0 1.71024 0.55395
0 1.68665 0.51602
0 1.65472 0.482954
0 1.63629 0.449037
0 1.61669 0.417746
0 1.58972 0.387973
0 1.57371 0.363587
0 1.55114 0.333899
0 1.53125 0.307495
0 1.50075 0.279227
0 1.47953 0.252842
0 1.45918 0.226486
0 1.43367 0.197434
0 1.41362 0.170568
0 1.38867 0.146906
0 1.36596 0.123187
0 1.33534 0.0961696
0 1.30884 0.0717874
0 1.28027 0.0461914
0 1.24198 0.00419405
0 1.21732 -0.0239013
0 1.1887 -0.0489009
0 1.15643 -0.074321
0 1.12197 -0.0957826
0 1.09752 -0.118592
0 1.0661 -0.137514
0 1.04499 -0.157031
0 1.00708 -0.179912
0 0.975824 -0.198761
0 0.946655 -0.224282
0 0.899444 -0.257535
0 0.863137 -0.278932
0 0.82519 -0.299605
0 0.789161 -0.320243
0 0.760951 -0.339199
0 0.728621 -0.353828
0 0.678563 -0.378152
0 0.640498 -0.399383
0 0.607112 -0.414385
0 0.5707 -0.42838
0 0.543691 -0.44365
0 0.503903 -0.454145
0 0.473505 -0.465214
0 0.440399 -0.471085
0 0.403524 -0.481771
0 0.36464 -0.488445
0 0.335418 -0.499801
0 0.303434 -0.470757
0 0.266432 -0.383402
0 0.233947 -0.355547
0 0.17321 -0.352323
0 0.144018 -0.35968
0 0.119207 -0.359524
0 0.10399 -0.356927
0 0.0854043 -0.364079
0 0.0709789 -0.364271
0 0.0557998 -0.365487
0 0.0405253 -0.368534
0 0.0273425 -0.214634
0 0.016001 -0.314522
0 0.00736902 -0.352852
0 -0.000694831 -0.372176
0 0.0147408 -0.485556
0 0.0179184 -0.540508
0 0.0154265 -0.567955
0 0.00869908 -0.583916
0 -0.00362133 -0.666535
0 -0.0145759 -0.715609
